traveler,traveler ID,requested time,distance,mode choice,waiting time,devFact_offer,x_coord_desti,y_coord_desti,vehicle,drop_in_sequence,inVehTime,devFact,walking time,interest,utility choice,utility interest,value tt,x_coord_stoploc,y_coord_stoploc,return time,route time,route distance,stoch parts
traveler (traveler.0),0,30,2.5862334460963416,1,,,0.2597692779070143,3.7922730940084213,,,,,,1,,,,,,,,,"[1.4380173648392365, -0.3193482723994693, -0.5650901478473557, 0.020936818358726628]"
traveler (traveler.1),1,30,2.4230852928358906,1,,,0.09003409179455635,2.7518067863364744,,,,,,1,,,,,,,,,"[-0.0997088969075242, -0.057911144306909, -0.7071133776543748, -0.7146445524639744]"
traveler (traveler.2),2,30,0.8554415127295523,0,0,1.0,1.7217703163178566,2.144839837345155,SAV (sav.4),,,,False,0,-0.23459182161886272,-0.23459182161886272,normal,,,,,,"[4.819740749520057, -0.5985436063563466, 0.7522630866537178, 1.0509127237068159]"
traveler (traveler.3),3,30,0.7996167364978282,2,,,2.624999852829097,1.7102139770291314,,,,,,2,,,,,,,,,"[3.3805095330385755, 0.22619606211245197, 0.9942883441772278, -0.7365618374070118]"
traveler (traveler.4),4,30,0.6820858950698238,4,,,1.821140209262513,2.4337387536107413,,,,,,4,,,,,,,,,"[-1.7772456000281527, -0.6479176376497946, 1.7117212220242077, -0.42930075291616576]"
traveler (traveler.5),5,30,0.5136330035258223,4,,,2.4511066601165186,1.988699399935815,,,,,,4,,,,,,,,,"[0.9380664834847684, -0.49345086514096875, 0.7684898181482676, 1.2402723683384367]"
traveler (traveler.6),6,30,0.8433258532354903,2,,,2.0745074599736917,1.7718828438243417,,,,,,2,,,,,,,,,"[2.4147842079259787, 0.12771787158269385, 0.6065726322708973, -0.9575201846761849]"
traveler (traveler.7),7,37.5,1.287220893624699,3,,,3.783303598278336,2.399653083605702,,,,,,3,,,,,,,,,"[0.4600688237761339, -0.18725954670455727, -0.44615550124829867, 0.6922771067273789]"
traveler (traveler.8),8,37.5,2.5618353725501715,1,,,3.776607330482355,0.27890247854625017,,,,,,1,,,,,,,,,"[0.835004043246236, 2.6445444270486234, 0.7637530959798154, 1.0095284355440572]"
traveler (traveler.9),9,37.5,2.148964880243536,3,,,4.390278414482223,1.4777976852585946,,,,,,3,,,,,,,,,"[4.587834810218559, -0.08559554057440427, 0.13536263480575372, 1.8652740623976853]"
traveler (traveler.10),10,37.5,1.1149189994487176,1,,,2.3762817829592917,3.6080334733680197,,,,,,1,,,,,,,,,"[-0.7268430876466953, 3.775905216526062, 4.054253151456318, 0.48276665841198335]"
traveler (traveler.11),11,45.0,1.4809155817803499,1,,,1.416332132706185,3.5093438035450095,,,,,,1,,,,,,,,,"[-0.1675634228289307, -0.23490066841734575, -0.1669447746460465, -0.053590838946635556]"
traveler (traveler.12),12,45.0,1.6523744739091166,2,,,3.1453256348966225,4.02114963990125,,,,,,2,,,,,,,,,"[3.2302448667157924, -0.20894396723384115, 1.102299867840778, 0.1448534787349142]"
traveler (traveler.13),13,45.0,1.166141323701987,2,,,3.400450474961027,3.240995633582198,,,,,,2,,,,,,,,,"[1.693416796021802, -1.0671946154846563, 0.32756337567473426, 0.06606776602075919]"
traveler (traveler.14),14,45.0,1.9542840329900613,1,,,3.4160008237380914,4.226316475189598,,,,,,1,,,,,,,,,"[0.032370975979648026, -0.7629138841803136, -0.023777140513912044, -0.6145806127227255]"
traveler (traveler.15),15,45.0,2.779369767279395,1,,,4.043302601020771,4.811517550214413,,,,,,1,,,,,,,,,"[0.7896104312667591, -0.1910717167155461, 0.5137871977759706, 0.3077256018975578]"
traveler (traveler.16),16,45.0,0.8379194748598104,3,,,3.0711569059357986,1.8869022629700989,,,,,,3,,,,,,,,,"[1.595006868961396, 1.6313387634210093, 1.9570820421912225, 2.837413973425075]"
traveler (traveler.17),17,45.0,0.7776648623947028,1,,,1.8166721819504386,2.8712488805141336,,,,,,1,,,,,,,,,"[-1.5578486566439023, 0.7697795401368874, 0.3097235609263179, 0.5258672663949325]"
traveler (traveler.18),18,45.0,0.9345744811083427,3,,,3.433546078682232,2.4561687358617634,,,,,,3,,,,,,,,,"[-1.3131179122061034, 1.304797387419609, 0.3267452199907601, 6.387852499593969]"
traveler (traveler.19),19,45.0,0.7442629333630749,1,,,2.97376027091428,3.074002194840261,,,,,,1,,,,,,,,,"[1.4926817071631944, 0.8343175390320066, -0.8971524553507814, 0.06466014720335746]"
traveler (traveler.20),20,45.0,0.7335947281393987,3,,,3.1935814823796385,2.7389685177047003,,,,,,3,,,,,,,,,"[2.728618164767967, 0.367623399379802, 0.7209039378009389, 2.0734193482569903]"
traveler (traveler.21),21,45.0,0.4548643207255008,4,,,2.539588824867564,2.9531382517672466,,,,,,4,,,,,,,,,"[-0.4436083707285322, 0.4551971001895123, 1.1035227881238152, -0.9515922394717933]"
traveler (traveler.22),22,45.0,0.9640393388260048,2,,,2.26599991688156,3.435208964833338,,,,,,2,,,,,,,,,"[0.9679892165368993, 2.3606520218127445, 2.8927737755649066, 0.7607557427267405]"
traveler (traveler.23),23,45.0,0.4335686992752552,4,,,2.794021761216193,2.8186424656610676,,,,,,4,,,,,,,,,"[1.5218853394213034, 0.11655936501416202, 3.2594495504213516, 0.01828770023597514]"
traveler (traveler.24),24,45.0,0.8203152002681351,2,,,1.8437097326175453,2.0078616934945863,,,,,,2,,,,,,,,,"[0.19225983673668592, -0.5758272415972207, 0.9589451240252472, -0.7684636545437772]"
traveler (traveler.25),25,45.0,0.9579289226261826,1,,,2.376097729483784,3.4498821232998784,,,,,,1,,,,,,,,,"[-0.08578614592662268, 2.393092080592082, 1.1817410478105663, 0.4302338443101918]"
traveler (traveler.26),26,45.0,0.398918704296544,4,,,2.8929525553796624,2.56873442993309,,,,,,4,,,,,,,,,"[0.753900491408413, -0.43795238424389477, -0.3866792610294469, 0.6122061662231593]"
traveler (traveler.27),27,45.0,0.799456360224857,2,,,3.22493758772109,2.8370400062501524,,,,,,2,,,,,,,,,"[0.16760774369597203, -1.0030463816672657, 1.6480352251687127, 0.10333924823461918]"
traveler (traveler.28),28,45.0,0.5774286239018738,4,,,2.0194674955653236,2.8201754642113435,,,,,,4,,,,,,,,,"[1.3876146476577431, 1.0444837451210935, -1.6601914928489379, -0.43794480598346275]"
traveler (traveler.29),29,52.5,2.0550598910572826,1,,,2.7798440945374505,4.535917100125858,,,,,,1,,,,,,,,,"[0.12213590683973498, -0.1708300865797826, 0.7574044584862436, -0.08138022540433705]"
traveler (traveler.30),30,52.5,1.0597451837775649,2,,,2.430629840291152,1.4425277140833836,,,,,,2,,,,,,,,,"[-0.5195704835441135, -0.2130915000253712, 5.3172636516700145, 0.7629681397852281]"
traveler (traveler.31),31,52.5,2.5090279325447757,1,,,1.7714644460170792,0.09907161438065581,,,,,,1,,,,,,,,,"[0.967735831403489, 0.21224802049604352, 0.8665258376923347, 1.1860703909296642]"
traveler (traveler.32),32,52.5,0.6962658791716517,4,,,2.664939116309488,3.176447531157974,,,,,,4,,,,,,,,,"[-0.3908148431969598, -0.9280718245133297, 1.8529217716389992, 0.42790885183844396]"
traveler (traveler.33),33,52.5,0.18693292898471872,4,,,2.321221306956387,2.4453914031271315,,,,,,4,,,,,,,,,"[-0.0679586417869331, 0.40206213784087846, -1.0487250975658973, 1.8752653033543205]"
traveler (traveler.34),34,52.5,0.7707418493544281,2,,,2.6393179811493965,1.7419541580651337,,,,,,2,,,,,,,,,"[-2.203215299714907, 0.015332858497759082, 1.6236919064413895, 0.463799398252067]"
traveler (traveler.35),35,52.5,0.9411610884838364,3,,,2.8937771659886398,3.3548238052499677,,,,,,3,,,,,,,,,"[-1.4754696238540614, -0.23994904775814313, -1.300466515384672, 1.7464815674848768]"
traveler (traveler.36),36,52.5,0.7969816135814691,3,,,1.780416794392075,2.8426072132835865,,,,,,3,,,,,,,,,"[-2.4074844841991836, -0.36903289522833316, 0.2351687996123922, 1.7729200652594228]"
traveler (traveler.2),2,30,0.8554415127295523,,,,1.7217703163178566,2.144839837345155,SAV (sav.4),1,5.688393309153533,1,False,,,,,1.7217703163178566,2.144839837345155,38.376786618307065,"[2, 5.688393309153533, 8.376786618307065]","[1.2097769891190895, 2.419553978238179]",
traveler (traveler.37),37,52.5,0.9138896440545301,0,0.0,1.0,3.148477815179156,1.8560506194345832,SAV (sav.4),,,,False,0,8.566670194700539,8.566670194700539,normal,,,,,,"[13.911151205768185, 1.1549529459551648, 0.8916936880852576, 0.9368391896939618]"
traveler (traveler.38),38,52.5,0.40195904148403633,4,,,2.266660646868261,2.827297750237955,,,,,,4,,,,,,,,,"[1.8536958885981802, 0.3470316930310738, 0.8944784121940181, 0.6475423805099801]"
traveler (traveler.39),39,60.0,2.4879869743632352,2,,,1.1641161252259147,0.40107326051629366,,,,,,2,,,,,,,,,"[2.7318078976786873, -0.751130917483227, 0.6186219465898595, 0.6967008291384439]"
traveler (traveler.40),40,60.0,1.6622328932138892,1,,,4.05520988332723,1.9131947426245044,,,,,,1,,,,,,,,,"[-1.9814518863635764, 0.6818233732553555, 0.7177292005207968, -0.8690935793562473]"
traveler (traveler.41),41,60.0,0.4172309937778446,4,,,2.4561764671943545,2.0850768744197543,,,,,,4,,,,,,,,,"[1.2013506005193086, -0.2656088860992261, -1.3422086718839266, 1.6812202166149723]"
traveler (traveler.42),42,60.0,0.7816457856200453,2,,,2.111534026650819,3.178280415261602,,,,,,2,,,,,,,,,"[0.32749471677198516, -1.073502533939802, 2.088897073427086, 1.6539416353715335]"
traveler (traveler.43),43,60.0,0.9912898706764701,3,,,3.481717924503684,2.3625753864333183,,,,,,3,,,,,,,,,"[0.6499150886394013, 0.7028279495191782, 0.1840563731202018, 1.4295285777483056]"
traveler (traveler.44),44,60.0,0.6575536698526435,4,,,1.844001871111154,2.545202694952983,,,,,,4,,,,,,,,,"[-1.4415524482555553, -0.8957163386534641, 0.3125513326890121, 2.109267817005105]"
traveler (traveler.45),45,60.0,0.9275216971929627,3,,,3.3177063985724913,2.937781617358838,,,,,,3,,,,,,,,,"[2.0929121135922473, 0.0674500780456323, -0.2938435140276838, 2.4705453926080185]"
traveler (traveler.46),46,60.0,0.48755343652527006,4,,,2.0271030837569355,2.6186459442012264,,,,,,4,,,,,,,,,"[3.521221468389229, -0.26496506584721197, -0.7280257835449899, -0.3911996642310643]"
traveler (traveler.47),47,67.5,1.8377160240640404,2,,,0.6730697528297452,2.301188387974507,,,,,,2,,,,,,,,,"[0.3731800894139467, 0.3781090681491576, 1.3485439201924931, 0.16676375199168225]"
traveler (traveler.48),48,67.5,0.6172509833283192,4,,,2.9231505337446047,2.9493800198177853,,,,,,4,,,,,,,,,"[2.964675091636938, 0.6691434558093211, 3.0480864416706814, 1.963991001652504]"
traveler (traveler.49),49,67.5,0.5879401467850801,4,,,2.4441340801275837,1.9147200539925613,,,,,,4,,,,,,,,,"[1.2417352004291635, 1.3701941647166493, -1.283348684051543, 1.545985194399797]"
traveler (traveler.50),50,67.5,0.32242568339433975,4,,,2.5297491739153637,2.1789496800131474,,,,,,4,,,,,,,,,"[1.6180106018854352, 1.7992697358817185, 1.339079245430621, 4.937473609654565]"
traveler (traveler.51),51,67.5,0.854003865350414,1,,,2.8155977336267997,1.7064505859348924,,,,,,1,,,,,,,,,"[3.0800766430069095, 2.8266432706678173, -0.48345961394170045, 2.159099115559234]"
traveler (traveler.52),52,67.5,0.6017588502080032,4,,,2.7952482658478854,3.024349287514987,,,,,,4,,,,,,,,,"[1.5555143930470714, 0.592633602716333, 0.3772011033110517, 0.6178361438255346]"
traveler (traveler.53),53,67.5,0.16437509674335515,4,,,2.553303209607554,2.655492573053894,,,,,,4,,,,,,,,,"[-0.2518811905998093, -0.8585745592372063, 1.00217483800152, 1.9958609504536258]"
traveler (traveler.54),54,67.5,0.3537524092171355,4,,,2.8001880761563145,2.3128426171360092,,,,,,4,,,,,,,,,"[-1.0480298180819625, 0.6176114388667076, -0.3243743890121127, 2.3059607042623935]"
traveler (traveler.55),55,67.5,0.9625664094169507,1,,,1.6106868286250124,2.8683153210997374,,,,,,1,,,,,,,,,"[-1.949406754953786, -0.019077835471577577, -0.6987479007632934, 0.157005313080796]"
traveler (traveler.56),56,67.5,0.09352710420622008,4,,,2.5301700673319982,2.5885273192770675,,,,,,4,,,,,,,,,"[-0.47122184826110314, 3.181773165546787, 1.9043688270631685, -0.23681146569035977]"
traveler (traveler.57),57,67.5,0.807626589716733,1,,,1.9692841942825294,3.1087704345474867,,,,,,1,,,,,,,,,"[5.296348793398596, 2.4165840206880818, -0.6897540681223178, 0.22768641043569765]"
traveler (traveler.58),58,67.5,0.8152640674465359,3,,,3.1741853494120926,2.0416010315155972,,,,,,3,,,,,,,,,"[-2.285090746009716, -1.0520684403484923, -1.0737277240617538, -0.2642519801786544]"
traveler (traveler.59),59,75.0,2.3563504513115934,1,,,3.765408897177372,4.487744393110114,,,,,,1,,,,,,,,,"[8.130792126945558, -0.4093968348132373, -0.7959666698773371, 0.347524833554911]"
traveler (traveler.60),60,75.0,1.593675409577942,1,,,1.0652995675247612,1.8061441214857483,,,,,,1,,,,,,,,,"[-0.812385176757582, 0.8484303366123541, -0.1610071590717503, 0.27794021274257136]"
traveler (traveler.61),61,75.0,2.1225131742687653,1,,,0.37754010659918624,2.4849608560923295,,,,,,1,,,,,,,,,"[-1.923076918819175, 1.8413075887326729, 0.03646453349598182, 2.4382581725146544]"
traveler (traveler.62),62,75.0,0.44119053698194044,4,,,2.9354141730884042,2.571158891195367,,,,,,4,,,,,,,,,"[0.8299568847776189, 1.1844303284195967, 1.7350338036856532, -1.1095198748496007]"
traveler (traveler.63),63,75.0,0.7929229683717584,3,,,2.7524060481996817,1.748323194049663,,,,,,3,,,,,,,,,"[-1.2882382146794362, 2.4478167476248305, 3.937216727904341, 4.518777025513628]"
traveler (traveler.64),64,75.0,0.7491993377173617,3,,,3.240999699016109,2.38945999052755,,,,,,3,,,,,,,,,"[-1.3133493740696862, 0.7033078319974696, -0.22966874926654654, 2.354574871643285]"
traveler (traveler.37),37,52.5,0.9138896440545301,,,,3.148477815179156,1.8560506194345832,SAV (sav.4),1,5.872078064742748,1,False,,,,,3.148477815179156,1.8560506194345832,61.244156129485496,"[2, 5.872078064742748, 8.744156129485496]","[1.2924351291342369, 2.5848702582684737]",
traveler (traveler.65),65,75.0,0.7602560271296497,0,0.0,1.0,3.2442596223070046,2.3448650864879426,SAV (sav.4),,,,False,0,0.32510857486744094,0.32510857486744094,normal,,,,,,"[4.906920989679868, -0.47269987041189715, 1.294986746418652, 0.7244858404338246]"
traveler (traveler.66),66,75.0,0.9505083134444168,2,,,3.3795734659501164,2.8603006687801855,,,,,,2,,,,,,,,,"[0.4749593930607781, 0.666068918953393, 1.4705436935113678, 1.3301894982652076]"
traveler (traveler.67),67,75.0,0.6667065139141191,4,,,2.0107353938454633,2.0471007608088048,,,,,,4,,,,,,,,,"[0.4256488308995251, 1.3607485549255327, 0.7818895943091559, 0.11195211213451192]"
traveler (traveler.68),68,75.0,0.5011174635915823,4,,,2.5471796232846633,2.001108433160894,,,,,,4,,,,,,,,,"[2.3128319410570994, -0.5489893986575839, 1.315547014714148, -0.6215305404951864]"
traveler (traveler.69),69,75.0,0.7111518875130198,1,,,1.8888175984577822,2.1364163381580275,,,,,,1,,,,,,,,,"[-0.9488820442756171, 2.4623825484403974, 0.15257692436729436, -1.035071621841107]"
traveler (traveler.70),70,75.0,0.5033131271350112,4,,,2.2191934597836367,2.0823017944518556,,,,,,4,,,,,,,,,"[5.072593444296461, 0.5352886548965562, 0.5393841668364704, -0.32712528075088043]"
traveler (traveler.71),71,75.0,0.9103687935727318,1,,,1.5910255908511812,2.4496327107774585,,,,,,1,,,,,,,,,"[-1.0527438675515772, 0.21774370582279015, 0.3994575916152606, -0.8148248005337974]"
traveler (traveler.72),72,75.0,0.6860749448820185,4,,,2.121946944317116,3.0725161282302,,,,,,4,,,,,,,,,"[2.742908132161391, 0.7714547076121826, 0.5480957072645833, 2.0527881365277163]"
traveler (traveler.73),73,82.5,3.1033720359622157,1,,,4.970613842263779,4.378026952950057,,,,,,1,,,,,,,,,"[-0.7157185778888665, 2.1687994085124767, 0.4166300769461358, 0.5279630697625959]"
traveler (traveler.74),74,82.5,1.111108312785839,2,,,3.5177420498433816,2.9458282210923685,,,,,,2,,,,,,,,,"[-2.6805829714557077, -0.1676924655539423, 0.4106290207399437, -1.415568902392857]"
traveler (traveler.75),75,82.5,1.1338004993054094,3,,,3.553783919541991,2.081618567405395,,,,,,3,,,,,,,,,"[0.44684805241059056, 0.16050947394600887, -0.3301097930583456, 2.307403777993362]"
traveler (traveler.76),76,82.5,0.35890890985504387,4,,,2.6663208123392375,2.8180455831420272,,,,,,4,,,,,,,,,"[-1.492378594530838, 1.4812973786050918, -0.3230302746352622, 3.436814106586037]"
traveler (traveler.77),77,82.5,0.3629058028330827,4,,,2.395147723336874,2.847428585191955,,,,,,4,,,,,,,,,"[1.4386214417936027, -1.4743890898773029, 0.8792720427271996, -0.44332077283478316]"
traveler (traveler.78),78,90.0,2.893913658454852,2,,,4.547605486022443,4.545005632315554,,,,,,2,,,,,,,,,"[0.32239001675678297, -0.9582421561978796, 2.5394507345115658, 0.046236362284651625]"
traveler (traveler.79),79,90.0,1.6379695425272445,3,,,1.002117075421013,1.8372097115213508,,,,,,3,,,,,,,,,"[4.105478217770396, -0.03742996633668513, 1.0116785603606722, 1.463423275791714]"
traveler (traveler.80),80,90.0,1.7013344248456033,1,,,1.1216478435109427,3.497338537241335,,,,,,1,,,,,,,,,"[-0.554881932938868, 0.2653448971433483, 0.9916963649668357, 0.882536683998933]"
traveler (traveler.81),81,90.0,1.879885814652981,2,,,0.7624449420114621,1.7824534185211731,,,,,,2,,,,,,,,,"[0.12322962307418941, -0.19467464819642954, 2.7476357960975166, -0.7453862753216691]"
traveler (traveler.82),82,90.0,1.0062025631928446,2,,,1.8124298444823768,3.234636562810021,,,,,,2,,,,,,,,,"[-1.61467281071188, -1.321940843812433, 0.7024146445637949, -0.051640672768743616]"
traveler (traveler.83),83,90.0,1.6276197470037856,3,,,1.3369998837500818,3.638673250076309,,,,,,3,,,,,,,,,"[3.8732420279203126, 0.18089717562422275, -1.5783421586061783, 2.068111685572755]"
traveler (traveler.84),84,90.0,2.841828336554934,1,,,4.653194913900983,0.6453464050671015,,,,,,1,,,,,,,,,"[4.6130784990356135, -0.9627614200138815, -0.39721756945638426, 0.5363088257458737]"
traveler (traveler.85),85,90.0,2.505813607920575,1,,,1.4060706666073086,0.2455775792494097,,,,,,1,,,,,,,,,"[1.2386306767432684, 2.574241123413049, -0.4370154339752606, 3.7803847391081344]"
traveler (traveler.86),86,90.0,1.6867250086244103,1,,,3.875509113558259,3.476225349618207,,,,,,1,,,,,,,,,"[-1.9595627490479879, 0.3547962458603418, 0.053308258679636004, 0.4562783696975408]"
traveler (traveler.87),87,90.0,0.9101083538509527,1,,,1.7520976157025874,3.018593520313874,,,,,,1,,,,,,,,,"[1.3071066889390244, 0.7961995712836389, 0.5511058552009745, 0.034728873990492154]"
traveler (traveler.88),88,90.0,0.8562069071192956,1,,,2.9794707748282825,1.7906354647401967,,,,,,1,,,,,,,,,"[0.3511458548078713, 2.278640186031228, -0.5074326737114689, 0.32281609397028616]"
traveler (traveler.89),89,90.0,0.5789354845836665,4,,,2.4174798084266893,1.9269758178812793,,,,,,4,,,,,,,,,"[1.4054008543060905, -0.11360542458430825, 0.5172857018315867, -0.16213667652416486]"
traveler (traveler.90),90,90.0,0.23906354817280084,4,,,2.7383488133232685,2.518472229220069,,,,,,4,,,,,,,,,"[3.614295653253781, -1.1886450265689303, 0.5211523640688982, 0.7155334504439504]"
traveler (traveler.91),91,90.0,0.7192741142525543,3,,,1.805922858581063,2.688711878782215,,,,,,3,,,,,,,,,"[4.265797208460742, 1.6313743734384625, 0.7715423864308963, 2.712827854521997]"
traveler (traveler.92),92,90.0,0.8894805960851646,3,,,3.2329834288735073,1.9961041538086906,,,,,,3,,,,,,,,,"[0.9902626900786392, -0.10062236642581264, 1.699975440811286, 2.3918916909781114]"
traveler (traveler.93),93,90.0,0.6392234479393333,4,,,3.1075552847991927,2.6987037803063174,,,,,,4,,,,,,,,,"[-0.4334466016128678, 0.599825012083067, 0.9736686304535196, -1.000156083736675]"
traveler (traveler.94),94,90.0,0.1500158018350292,4,,,2.392875541596151,2.6050194801543447,,,,,,4,,,,,,,,,"[-1.1690588761927816, -0.2779533424232263, -1.2535684453448201, 0.6677417572188714]"
traveler (traveler.95),95,90.0,0.5359899999430606,4,,,2.976170771150969,2.746062343198738,,,,,,4,,,,,,,,,"[-0.8328850735441642, -0.16083143196422936, 0.4111580874491789, 0.38094521819324895]"
traveler (traveler.96),96,90.0,0.3417942292925285,4,,,2.449359063233284,2.1619781209728237,,,,,,4,,,,,,,,,"[4.372745175149452, 0.8088594998304182, 2.818069734194197, 1.2509971227340748]"
traveler (traveler.97),97,90.0,0.4842692801006411,4,,,2.023770435951421,2.41212430384177,,,,,,4,,,,,,,,,"[2.3205652770113234, 1.0687466106780426, 1.392056192880758, -0.18819536275290177]"
traveler (traveler.98),98,90.0,0.48445138805272314,4,,,2.9677538688603873,2.6260930828885938,,,,,,4,,,,,,,,,"[1.2693297104593178, 2.933286152339379, 2.5055043880519996, 1.2232345994007574]"
traveler (traveler.99),99,90.0,0.9802658341725474,1,,,3.346349395132264,2.005415520860944,,,,,,1,,,,,,,,,"[-1.0354451576725154, 0.16575951952187007, 0.013827473907142543, -0.009076472090329305]"
traveler (traveler.100),100,90.0,0.7854438889650425,2,,,3.2065362832178583,2.156884009103009,,,,,,2,,,,,,,,,"[-2.168095562122881, 0.8763310716613766, 1.4479201737990042, 1.156659219903316]"
traveler (traveler.101),101,90.0,0.22494783333506474,4,,,2.461983246456011,2.721712097487069,,,,,,4,,,,,,,,,"[-0.22326671441676968, 1.34850239529068, 2.513299802469565, -1.0812833563461597]"
traveler (traveler.102),102,90.0,0.6875399686263824,4,,,2.389858193260615,1.8213395614396322,,,,,,4,,,,,,,,,"[3.7818746239508383, -0.4003455175700571, 1.7341385526663717, -0.9365573575323773]"
traveler (traveler.103),103,90.0,0.6483998868147591,4,,,2.089495233061317,3.00190462195721,,,,,,4,,,,,,,,,"[-1.6632512574557483, -0.9373231444762057, -0.4333818943248272, 0.09796731360743745]"
traveler (traveler.104),104,90.0,0.5664852858161529,4,,,2.0795940489943696,2.1203101062639935,,,,,,4,,,,,,,,,"[-1.1192160862620364, -0.5672685262459042, 0.35921117805270364, -1.258340109385361]"
traveler (traveler.105),105,90.0,0.6456789768568706,4,,,2.4848275770663983,1.8544993115904065,,,,,,4,,,,,,,,,"[-1.8492498202164194, 0.44484698201471345, -1.0245572550648903, -0.36329593222302325]"
traveler (traveler.106),106,90.0,0.8465158659965591,2,,,2.598612584187224,3.3407524425321773,,,,,,2,,,,,,,,,"[-0.28861413827671784, 0.40964199808502344, 2.7286290830853592, -1.376204060532468]"
traveler (traveler.107),107,90.0,0.7915304660873187,1,,,1.714485258157776,2.4025984132934566,,,,,,1,,,,,,,,,"[-2.1192690435092496, 0.7587445871833522, -0.23844274861649722, 0.2106213710002639]"
traveler (traveler.108),108,90.0,0.3804306958814717,4,,,2.182458945319989,2.709511796712183,,,,,,4,,,,,,,,,"[1.5076056522452026, -0.0913271753457848, 0.7278176015377508, 0.9512952607265617]"
traveler (traveler.109),109,90.0,0.6222656534260658,4,,,3.121950308209527,2.480191982637243,,,,,,4,,,,,,,,,"[2.1137771443747373, -1.2971819952532182, 3.0149161756239233, -1.0650231887386885]"
traveler (traveler.110),110,90.0,0.643445353191108,4,,,1.9847094598814476,2.8853538397467453,,,,,,4,,,,,,,,,"[0.5347258135428723, 0.7816238196635652, 1.2285800186160418, 0.25661951561147306]"
traveler (traveler.111),111,97.5,2.490347424326953,2,,,0.014467030392799063,2.6547777466159053,,,,,,2,,,,,,,,,"[1.0728057725644742, -0.12703556877589361, 1.6329995696548314, 0.22536559458881905]"
traveler (traveler.112),112,97.5,1.9533518077321603,3,,,2.876864229271403,4.416652456097915,,,,,,3,,,,,,,,,"[-1.6270516392129288, -0.7525121251682938, -1.3929690252595424, 0.8131415436309787]"
traveler (traveler.113),113,97.5,1.5133116472726973,1,,,3.432427844076048,1.308072796953229,,,,,,1,,,,,,,,,"[-0.2806578636299686, 1.6796580618397245, 0.2731830828557303, -1.143643643397834]"
traveler (traveler.114),114,97.5,1.7632123647915272,3,,,0.9628680676161505,1.6362041527075843,,,,,,3,,,,,,,,,"[2.8077998298901017, -0.027380386780732287, -0.4008345090652219, 1.5704717738805443]"
traveler (traveler.115),115,97.5,2.0174586448830794,1,,,2.581033685727273,4.51583057958523,,,,,,1,,,,,,,,,"[6.375517738473363, 2.0770775809691195, 1.8708031988300282, 0.1325337909811248]"
traveler (traveler.116),116,97.5,0.5500657300260581,4,,,1.9592906801653043,2.6010234566474586,,,,,,4,,,,,,,,,"[1.7401066964833454, -0.11582926602133578, 0.4672236285972553, 1.9702650164433992]"
traveler (traveler.117),117,97.5,0.8401784338784314,1,,,1.7182111035652576,2.8077432731446152,,,,,,1,,,,,,,,,"[0.3787258093674999, 1.377486770192747, 1.4159129734250302, 1.4096844549756469]"
traveler (traveler.118),118,97.5,0.903853277583196,2,,,2.0469883615848214,1.7178675285744227,,,,,,2,,,,,,,,,"[1.9899183088566272, -0.9124318439835873, 0.8364679259276544, 0.28900277918498984]"
traveler (traveler.119),119,97.5,0.5696052081049499,4,,,2.182249160331005,2.0272585304948043,,,,,,4,,,,,,,,,"[-1.4960364237776052, 0.29920298132382384, 0.6295738354444554, 0.06122715480951955]"
traveler (traveler.120),120,97.5,0.6416843823666771,4,,,1.9200317019423285,2.22541737159574,,,,,,4,,,,,,,,,"[3.8600479420504583, 0.356815084537614, 0.15869815959197855, -0.12642943267434537]"
traveler (traveler.121),121,97.5,0.6909395959527307,4,,,2.281486478506144,3.1554764421241064,,,,,,4,,,,,,,,,"[-0.642425959769304, 1.8327507717431546, 0.10937326828423506, -1.525964637137852]"
traveler (traveler.122),122,97.5,0.5243482335375089,4,,,2.0130661462021964,2.6945160457122372,,,,,,4,,,,,,,,,"[-2.9421092284906543, 0.2711225974617182, -0.25096211425891807, 0.2772477142022022]"
traveler (traveler.123),123,97.5,0.9096564887329998,1,,,3.407181106485092,2.4329375848143346,,,,,,1,,,,,,,,,"[-2.9673484324499992, 1.020347212166521, 0.5337899268396896, 0.3020542117067205]"
traveler (traveler.124),124,97.5,0.7296619938733727,1,,,2.9562551921265134,1.930581151558131,,,,,,1,,,,,,,,,"[-1.1278998375514264, 0.5441659358648643, 0.5611121249758411, -0.7180148696599755]"
traveler (traveler.125),125,97.5,0.7832799799878903,1,,,1.7525857638546376,2.73430639482753,,,,,,1,,,,,,,,,"[0.22101307907223527, 1.8292317485945644, -0.4581053982543943, -0.7792384275876998]"
traveler (traveler.126),126,97.5,0.8645732911638586,1,,,2.550206964137618,1.6368857337837648,,,,,,1,,,,,,,,,"[1.3672671845210465, 1.2939967251292437, -0.6316429635742175, 0.017434751424784248]"
traveler (traveler.127),127,97.5,0.9223505503460133,1,,,1.5776764314528655,2.492945028272721,,,,,,1,,,,,,,,,"[2.154917272188418, 2.983794301482228, 2.190598146330542, 0.9167605963306951]"
traveler (traveler.128),128,97.5,0.5601648294280077,4,,,2.21387401083278,2.018422846834291,,,,,,4,,,,,,,,,"[3.443182135951376, 0.36310175789416543, -0.08498199399047217, -1.5981209308192852]"
traveler (traveler.129),129,97.5,0.5766211026206184,4,,,2.7958154487407416,2.9949597117682725,,,,,,4,,,,,,,,,"[-0.5017044736505079, -0.35753938233134835, 0.0128339177709349, 0.5750896706625148]"
traveler (traveler.130),130,97.5,0.8229701880166711,1,,,2.8839671355846552,3.2279073905072746,,,,,,1,,,,,,,,,"[0.8824518320230554, 0.3399435927907477, -1.3727686780579726, 0.14153753481994577]"
traveler (traveler.131),131,105.0,2.8249580290763605,3,,,4.367381392889442,0.3802654412560791,,,,,,3,,,,,,,,,"[2.6230800817762696, 1.8654051942425076, 3.98700942868444, 8.719890621904002]"
traveler (traveler.132),132,105.0,2.3815198468139593,2,,,0.4903129533078904,3.7778085753064623,,,,,,2,,,,,,,,,"[1.6755306789898154, -1.8116073027225454, 0.6994936200866312, 0.039680611473394495]"
traveler (traveler.65),65,75.0,0.7602560271296497,,,,3.2442596223070046,2.3448650864879426,SAV (sav.4),1,5.389254187650307,1,False,,,,,3.2442596223070046,2.3448650864879426,82.77850837530062,"[2, 5.389254187650307, 7.778508375300615]","[1.0751643844426384, 2.150328768885277]",
traveler (traveler.133),133,105.0,1.243362751161973,0,0.0,1.0,2.749817209867001,3.71800750926722,SAV (sav.4),,,,False,0,3.019232367463852,3.019232367463852,normal,,,,,,"[9.999285053084618, -0.4767415898698338, 3.7032144236888436, 0.44336150302593597]"
traveler (traveler.134),134,105.0,2.636717450798954,1,,,1.4392396202344364,4.913931716529561,,,,,,1,,,,,,,,,"[4.6618209072497505, 2.4927864088879144, 0.3659871801466014, -0.09081232615319929]"
traveler (traveler.135),135,105.0,2.3938278847590895,1,,,2.8864586266464336,4.862427072258682,,,,,,1,,,,,,,,,"[1.4918823796000098, 5.0289933162901175, -0.09785688880823785, -0.6666699192061785]"
traveler (traveler.136),136,105.0,1.89987935124811,1,,,0.6001574478764865,2.4881751769673315,,,,,,1,,,,,,,,,"[1.523476553930927, 1.4045768777165484, -0.010205879488485607, 1.796585338298711]"
traveler (traveler.137),137,105.0,0.7914147738102473,3,,,1.8066405221663342,2.881562548874167,,,,,,3,,,,,,,,,"[4.909089500343599, 0.031202795753326143, -0.5428981304245631, 2.3391985497382537]"
traveler (traveler.138),138,105.0,0.6508499599449029,4,,,2.9078800439946892,3.0071878745309,,,,,,4,,,,,,,,,"[-1.1742254527780154, 1.1280728822355433, -1.0467566181183985, -0.33593604861543636]"
traveler (traveler.139),139,105.0,0.6209164688319995,4,,,3.0801228610872062,2.278652473899541,,,,,,4,,,,,,,,,"[1.3293373590675193, -0.07878526467687401, -0.24662972921491091, 1.8804752737030888]"
traveler (traveler.140),140,105.0,0.8919671481268417,1,,,2.141329553472736,3.3166767439602185,,,,,,1,,,,,,,,,"[-1.828725173872728, -0.18225029235249485, -1.6149428705050897, -1.974144697637342]"
traveler (traveler.141),141,105.0,0.7260224198124193,0,0.0,1.0,1.986635943492898,3.0133866959289595,SAV (sav.4),,,,False,0,-0.6160607065856838,-0.6160607065856838,normal,,,,,,"[3.7958091021749003, -1.2957873470190535, 0.9786169256660529, -0.5449084398552139]"
traveler (traveler.142),142,105.0,0.3946536115126047,4,,,2.1418298672627607,2.6657275749383014,,,,,,4,,,,,,,,,"[3.4993616928792806, 0.70213548879081, 0.2337831201564264, -2.027633661482502]"
traveler (traveler.143),143,105.0,0.6145434689590638,4,,,3.07708641190994,2.2887301525793355,,,,,,4,,,,,,,,,"[-1.1459756434385235, 0.9436776038661857, 1.3805824979867878, 1.8571059015598637]"
traveler (traveler.144),144,105.0,0.3647166397698349,4,,,2.85578954954312,2.4198001012413153,,,,,,4,,,,,,,,,"[2.0365238752683563, 2.170728051558274, -0.6088581376222069, -0.28210819695285755]"
traveler (traveler.145),145,105.0,0.37386057822139424,4,,,2.138881211538068,2.5967726850295145,,,,,,4,,,,,,,,,"[-0.39373501649270737, 0.7269256154526446, 0.6962676939949233, -1.314943934609984]"
traveler (traveler.146),146,105.0,0.9235621289262667,2,,,2.5885019082722724,3.419311926507529,,,,,,2,,,,,,,,,"[-0.15200483085990377, -0.2920537430962474, 0.3150606464189568, -0.16734211538619528]"
traveler (traveler.147),147,105.0,0.9656365762317906,1,,,1.6670286441655047,2.011519992511569,,,,,,1,,,,,,,,,"[2.1069455007249, 0.9622408372396511, -0.15313893673288992, 0.6810541574333046]"
traveler (traveler.148),148,105.0,0.6118474156925556,4,,,1.9061644660603934,2.647365595443174,,,,,,4,,,,,,,,,"[-0.008894671850004901, 1.2063293701277507, 2.5557110342800327, -0.9027782185768541]"
traveler (traveler.149),149,105.0,0.8521159234876873,1,,,1.7874601029433532,2.032679508084893,,,,,,1,,,,,,,,,"[1.9576619657719367, 1.852695672697057, -0.7798186256856673, 0.7451213357021021]"
traveler (traveler.150),150,105.0,0.7395124573584501,2,,,2.7860707813287386,3.181940013973589,,,,,,2,,,,,,,,,"[1.1912194665249742, -0.3931562125342914, 4.401171467533224, 1.941268903350807]"
traveler (traveler.151),151,105.0,0.3112388075880281,4,,,2.19785854865529,2.4252996738418773,,,,,,4,,,,,,,,,"[-1.4563777523304742, 0.09438496340342031, 0.02069227899784481, 1.1398471075399679]"
traveler (traveler.152),152,105.0,0.3965860273445253,4,,,2.3936143854700935,2.1179495084337585,,,,,,4,,,,,,,,,"[1.3725882657886443, 2.659741706394907, -0.7749410884391742, -0.1421093277012389]"
traveler (traveler.153),153,105.0,0.8362690570761147,1,,,2.590129250952195,3.3313980117523556,,,,,,1,,,,,,,,,"[-3.691746103331094, 0.008738509382696595, -0.7979857292418491, -0.9379726168577912]"
traveler (traveler.154),154,105.0,0.20175271768545175,4,,,2.604703108631816,2.6724570037322337,,,,,,4,,,,,,,,,"[0.695374857731874, -0.3723970758752254, -0.623415404857073, 0.6053996584731127]"
traveler (traveler.155),155,105.0,0.9566413398410836,1,,,3.3578902673263524,2.9233047865541604,,,,,,1,,,,,,,,,"[4.072561255744964, 1.020105409532394, 0.28884429095936504, 0.4084483000269184]"
traveler (traveler.156),156,105.0,0.35725965221461775,4,,,2.7877365122872835,2.7117596717915373,,,,,,4,,,,,,,,,"[-1.44455948343395, 0.19799556786035816, 0.18769367023431457, -0.7607360696091623]"
traveler (traveler.157),157,105.0,0.6723192949049418,4,,,2.023629310263731,2.9744303955920923,,,,,,4,,,,,,,,,"[-1.409792572977811, 0.23059681154070352, -0.1794613954143815, 1.309575371487732]"
traveler (traveler.158),158,105.0,0.7087247923155653,1,,,2.3402754017705645,1.8095082303436294,,,,,,1,,,,,,,,,"[-1.1988540508372734, 1.2164348320360712, 0.7284405171226201, 0.4944538173611592]"
traveler (traveler.159),159,105.0,0.5375053861378595,4,,,3.037398335429657,2.510727031492602,,,,,,4,,,,,,,,,"[1.0834908777297367, -0.8739937874927913, -0.11910615997332849, 0.14877634984280955]"
traveler (traveler.160),160,112.5,1.9061759308575854,1,,,2.9697427263556406,4.34738963145752,,,,,,1,,,,,,,,,"[7.552922641458266, -0.053468296513647366, 0.07852172970887561, -0.6732428952398244]"
traveler (traveler.161),161,112.5,2.1222726151291553,1,,,0.6049324168576187,1.54461530876299,,,,,,1,,,,,,,,,"[7.577239707948354, 0.9022795477806159, 0.4569852094819332, 1.0172582798813585]"
traveler (traveler.162),162,112.5,1.7808097464953239,2,,,2.617525376598857,4.276927443388738,,,,,,2,,,,,,,,,"[-0.07591544830673588, 1.1590127241060548, 2.9042456926222115, 0.06642797126535777]"
traveler (traveler.163),163,112.5,2.71863532122577,1,,,0.10791632693081754,3.7918644320718,,,,,,1,,,,,,,,,"[-0.19434774680323214, 1.8831003847399692, -1.1025431338452754, -0.04761257586152912]"
traveler (traveler.164),164,112.5,2.3190062255981365,1,,,1.9214209172109176,0.25432947222397306,,,,,,1,,,,,,,,,"[1.3041261325748565, 1.9513619681503638, 2.0184265340304477, -0.01127529362229607]"
traveler (traveler.165),165,112.5,0.6921878322197188,4,,,3.0807584925475973,2.1233787467403413,,,,,,4,,,,,,,,,"[-1.158918052108669, 0.45328297646824645, 1.78162728508917, -0.06679680206736373]"
traveler (traveler.166),166,112.5,0.3594897049550464,4,,,2.7187899908005564,2.2147566163884624,,,,,,4,,,,,,,,,"[-1.9181379440006934, 1.159986897849959, 0.06080653260241223, 1.9524570570793058]"
traveler (traveler.167),167,112.5,0.8302948233544305,2,,,2.7903023164917142,1.7221092244224068,,,,,,2,,,,,,,,,"[1.3139984222254435, -1.2116905459379468, 2.3178975225099534, -0.08995046843403427]"
traveler (traveler.168),168,112.5,0.775835852826259,2,,,3.125651620517089,2.9587824323957808,,,,,,2,,,,,,,,,"[-0.5338056853139113, 0.2854731407888811, 1.7657676245738854, 0.014319288487510327]"
traveler (traveler.169),169,112.5,0.7412428830148493,3,,,3.2296480009901343,2.630594051439055,,,,,,3,,,,,,,,,"[-1.1875284876176404, -0.6818908982741104, -0.2167820026432636, 4.137629026018478]"
traveler (traveler.170),170,112.5,0.9923810088768535,2,,,3.21628569122356,1.8131558580523317,,,,,,2,,,,,,,,,"[-0.7149466598375429, -0.2199731162486633, 4.539796264829788, -0.4607913728637262]"
traveler (traveler.171),171,112.5,0.891676122093432,1,,,2.068421227799006,1.719726925943831,,,,,,1,,,,,,,,,"[4.175938398053085, 1.2192919069901387, -1.7334782782804263, -1.002805231025663]"
traveler (traveler.172),172,112.5,0.44727987696234617,4,,,2.8375512516182857,2.7934594364923035,,,,,,4,,,,,,,,,"[-1.0402260651014859, 0.013825369544235246, 0.12869313014249603, 1.6816400411388468]"
traveler (traveler.173),173,112.5,0.8900944985732743,2,,,2.3920425231213436,1.6164767124877788,,,,,,2,,,,,,,,,"[-0.11840426742187453, 1.0641144905312176, 3.5577748740611, -0.2601158710600235]"
traveler (traveler.174),174,112.5,0.9030461212225962,2,,,1.8064520105706559,3.0783454706433604,,,,,,2,,,,,,,,,"[2.7994334252529565, 0.16941915857126333, 2.180877579302554, 1.8300761981504883]"
traveler (traveler.175),175,112.5,0.4751144588342148,4,,,2.8934300391454437,2.2336420579533183,,,,,,4,,,,,,,,,"[1.38026435261978, 0.3427305371996476, 2.9085771792919313, -1.3119642637520013]"
traveler (traveler.176),176,112.5,0.8412937024485203,0,0.0,1.0,2.257261848749414,1.6944857023571915,SAV (sav.3),,,,False,0,3.156436008710629,3.156436008710629,normal,,,,,,"[8.140535965249349, 0.22559760440659113, 0.29677774490120534, 2.3799036935627718]"
traveler (traveler.177),177,120.0,2.499550842186047,2,,,4.171180624713562,4.358738747714418,,,,,,2,,,,,,,,,"[6.6351748064570835, -0.347300814148826, 1.418821061525202, 0.2877036743153149]"
traveler (traveler.178),178,120.0,2.7296176454699923,1,,,3.8025456013384993,0.101211254217064,,,,,,1,,,,,,,,,"[1.0587050606270223, 1.524371078026049, 2.01549407311769, -0.05225311495970905]"
traveler (traveler.179),179,120.0,2.5483264477651466,1,,,4.972284150989523,1.8821175183375538,,,,,,1,,,,,,,,,"[0.6363647897255866, -0.3475494184025078, -0.713720219011537, 0.7125971854220463]"
traveler (traveler.180),180,120.0,2.1779056196238598,1,,,3.3322462174855207,4.512619964491615,,,,,,1,,,,,,,,,"[-0.5590009088036922, 0.04091865640823389, 0.4739926794969503, 0.23915405760428876]"
traveler (traveler.181),181,120.0,2.317501656034751,2,,,0.603997268403168,3.8326618353885444,,,,,,2,,,,,,,,,"[1.8266748068167886, -0.5039243881337285, 2.016318763887411, -1.0743979060217415]"
traveler (traveler.182),182,120.0,2.01278470975109,1,,,2.09568387972963,0.5282417078411222,,,,,,1,,,,,,,,,"[1.4193347767833742, 0.28598412380970967, 0.7551016674298429, -1.4548759961669768]"
traveler (traveler.183),183,120.0,0.9578459921320204,3,,,2.4692990564508364,1.542646148642747,,,,,,3,,,,,,,,,"[-1.9961818885255698, 0.07027046378476764, -0.9692026470874837, 0.9152239574986887]"
traveler (traveler.184),184,120.0,0.15624108153198374,4,,,2.344986963428621,2.519550806919518,,,,,,4,,,,,,,,,"[-1.5848418099990922, 2.000525901977701, -0.6987589142623486, 0.14224163431791076]"
traveler (traveler.185),185,120.0,0.4298744429624957,4,,,2.0706831207894814,2.5218873008216396,,,,,,4,,,,,,,,,"[4.8242324711894815, -0.2738836576401671, 2.7723330092874727, 0.7940606017073453]"
traveler (traveler.186),186,120.0,0.8597577341061985,2,,,2.1078272235585644,1.7348961673252183,,,,,,2,,,,,,,,,"[0.47604899047882737, 0.1683681199175266, 1.3717742596226665, -0.07436461044402594]"
traveler (traveler.187),187,120.0,0.8918271611967846,3,,,3.3861007338786555,2.6009018080513115,,,,,,3,,,,,,,,,"[0.23100949791255715, -0.7263547088507348, 0.48006290076162583, 0.7983388454882377]"
traveler (traveler.188),188,120.0,0.7681997039921492,1,,,2.04680873152002,3.1202809519783212,,,,,,1,,,,,,,,,"[1.6140691688756148, 0.8361965652597065, -0.5991720734149109, 0.11086149738796924]"
traveler (traveler.189),189,120.0,0.8757627192713908,3,,,3.3348437874169843,2.2354320671795502,,,,,,3,,,,,,,,,"[-1.7034517916316079, 0.21042062058615535, 0.7551476215916044, 1.206891065858106]"
traveler (traveler.190),190,120.0,0.9924603236652776,2,,,3.054324239266886,1.676773341168439,,,,,,2,,,,,,,,,"[-0.36889414961498324, -1.149414359780689, 2.2284461367083064, -0.015852806268720335]"
traveler (traveler.191),191,120.0,0.7369604180231365,2,,,1.871832042820105,2.8853773155042646,,,,,,2,,,,,,,,,"[0.29045563667492363, -0.23267592030740114, 1.9994988902015722, -0.8645814573769112]"
traveler (traveler.192),192,120.0,0.7923988701738167,2,,,2.911602673862329,3.1771109276345513,,,,,,2,,,,,,,,,"[-1.6941609493268746, -0.04721429485239552, 2.450382367403995, 0.15357807473862103]"
traveler (traveler.193),193,120.0,0.923032748153519,1,,,3.4111995478991757,2.352674380801655,,,,,,1,,,,,,,,,"[-0.07629346851131837, 1.1840028507425364, 0.2756843024531584, -1.1529127136738497]"
traveler (traveler.194),194,120.0,0.2088202668728694,4,,,2.581754803131406,2.3078488719216006,,,,,,4,,,,,,,,,"[0.1402117718316379, -0.05922058060206579, 2.0033774241402327, -0.003303887902363054]"
traveler (traveler.195),195,120.0,0.8524582484058927,1,,,1.6476117640412862,2.4890747780601536,,,,,,1,,,,,,,,,"[0.34058997200325625, 1.6163738337554674, 1.0850545053188576, -0.497561721270975]"
traveler (traveler.196),196,120.0,0.7758759761988687,2,,,1.7368779365822173,2.3598991550077826,,,,,,2,,,,,,,,,"[2.2794504155353486, 0.19978818825467354, 2.08946538772865, -1.6505197884505032]"
traveler (traveler.141),141,105.0,0.7260224198124193,,,,1.986635943492898,3.0133866959289595,SAV (sav.4),1,5.281668339301458,1.0,False,,,,,1.986635943492898,3.0133866959289595,,,,
traveler (traveler.133),133,105.0,1.243362751161973,,,,2.749817209867001,3.71800750926722,SAV (sav.4),2,9.546045671542311,1.3819802947789155,False,,,,,2.749817209867001,3.71800750926722,119.45355781741517,"[2.0, 5.281668339301458, 9.546045671542311, 14.453557817415168]","[1.0267507526856563, 2.49572055219404, 4.254101017836826]",
traveler (traveler.197),197,120.0,0.7863170537791259,0,0.0,1.0717135995352631,2.4329110387232404,3.2834497943957164,SAV (sav.4),,,,False,0,-0.6159360104878457,-0.6159360104878457,normal,,,,,,"[4.118770413775541, 0.46783947462732567, 0.35558166121539236, 0.07887421759332362]"
traveler (traveler.198),198,127.5,3.4896891976970026,1,,,4.946277543893485,0.011294136550964451,,,,,,1,,,,,,,,,"[3.175978125432072, 2.5483824415662504, 0.48448542509745546, 0.6088035849988901]"
traveler (traveler.199),199,127.5,3.0981334914886007,2,,,4.683104734466596,0.3017086522863077,,,,,,2,,,,,,,,,"[2.090187800002387, 0.7405003356449245, 2.722144367705685, 1.2628313622109142]"
traveler (traveler.200),200,127.5,2.687147934947265,1,,,4.048770380631476,0.30407779455419115,,,,,,1,,,,,,,,,"[1.3567773668940304, 1.8707651210545708, 2.9533311303036704, -0.7833611323602072]"
traveler (traveler.201),201,127.5,1.0949814754352452,3,,,3.0570660230941304,1.557311357095867,,,,,,3,,,,,,,,,"[1.4420898156459585, -0.9450219442372283, 0.002061096991590735, 0.9844659967007782]"
traveler (traveler.202),202,127.5,1.8273838257495307,2,,,4.007499674612101,3.532848671227009,,,,,,2,,,,,,,,,"[-1.6954375936774673, 0.8804431931059962, 2.0587760608587913, 0.6440023888463462]"
traveler (traveler.203),203,127.5,1.882933062696581,1,,,2.222719737324639,4.36240505114398,,,,,,1,,,,,,,,,"[-1.1408016780615482, 1.002375636591581, 1.050558064596122, 0.49790736040885214]"
traveler (traveler.204),204,127.5,2.4519504143592123,3,,,1.2967148432668023,4.6363908036831365,,,,,,3,,,,,,,,,"[-1.0296970814841495, -0.3774613243491442, 0.6896249261720776, 1.730332668897563]"
traveler (traveler.205),205,127.5,2.3696078556914126,1,,,3.2259066230944162,0.24431807111416626,,,,,,1,,,,,,,,,"[-1.2816445128553167, 0.33869671519171113, -0.6084892558433617, -0.09450811379422783]"
traveler (traveler.206),206,127.5,3.1391876172522823,1,,,4.508045620028824,0.08706575220270074,,,,,,1,,,,,,,,,"[-1.065056992420109, 1.521218258413745, -0.817138555002912, 0.21557639325635075]"
traveler (traveler.207),207,127.5,0.6821849667470941,4,,,3.0115226872909684,2.9513544829093425,,,,,,4,,,,,,,,,"[0.30094585110083233, 2.2198458571482913, -0.07451752506355748, 4.485087950283567]"
traveler (traveler.208),208,127.5,0.869005598968117,1,,,2.6198544166153765,1.6392993262139715,,,,,,1,,,,,,,,,"[2.148538526252832, 1.2698164524635918, -0.9718073913363658, 0.8691607476878531]"
traveler (traveler.209),209,127.5,0.9109589390481103,1,,,3.325742419663376,2.8847020210502303,,,,,,1,,,,,,,,,"[1.0012504539319158, 1.6681164285699093, -0.7681169106687427, -0.024391140192717285]"
traveler (traveler.210),210,127.5,0.9848565412594679,1,,,1.5195548029063122,2.5931108068780513,,,,,,1,,,,,,,,,"[-2.5172581448234106, 1.5333662016158756, 0.4816227391108214, -0.08687817790268379]"
traveler (traveler.211),211,127.5,0.6920074762094369,4,,,2.8621948089195373,3.089651818891025,,,,,,4,,,,,,,,,"[2.951076446027778, 1.862166385739808, -0.42323016596976054, -0.08535285497600309]"
traveler (traveler.212),212,127.5,0.813358760421069,2,,,2.9677819781935275,1.8346185349507786,,,,,,2,,,,,,,,,"[0.20757472620791678, 0.20739171516805519, 4.377776661718628, -0.1873684173261132]"
traveler (traveler.213),213,127.5,0.7948327194259399,1,,,2.019375746900481,3.133055589346279,,,,,,1,,,,,,,,,"[-0.6696467551498778, 1.2555522332549165, -0.046495746347966424, 1.0110596984771236]"
traveler (traveler.214),214,127.5,0.8817116538272523,3,,,3.327276925097961,2.8050054584679613,,,,,,3,,,,,,,,,"[1.0457402626804848, -0.6684836191431986, 0.49237121624466007, 0.8503914199579402]"
traveler (traveler.215),215,127.5,0.6222101306861243,4,,,2.7817243442096222,1.9452236120668958,,,,,,4,,,,,,,,,"[4.566010120807903, 1.0441156851986786, 1.4587723459186317, 0.06825990105766627]"
traveler (traveler.216),216,127.5,0.6058634931992264,4,,,2.374627532359301,1.9072502072971675,,,,,,4,,,,,,,,,"[-1.0480918395871008, 2.542941203360359, 0.24338171321122098, -0.1343545863199605]"
traveler (traveler.217),217,127.5,0.310458437781295,4,,,2.295890685029696,2.2660687512709012,,,,,,4,,,,,,,,,"[1.4695091028869463, 0.143233951472261, 3.2348271730975497, 0.7574388378285616]"
traveler (traveler.218),218,127.5,0.6455063113863349,4,,,2.8979299523707773,1.9917381078166663,,,,,,4,,,,,,,,,"[-0.5224089918545114, -0.5976539753067721, -0.03977249114600964, 1.4937435938740884]"
traveler (traveler.219),219,127.5,0.6895007732797083,4,,,1.817231213888125,2.403884959217444,,,,,,4,,,,,,,,,"[2.248488795405447, -0.24949707020772216, 3.4448919842794012, 3.1945168055939224]"
traveler (traveler.220),220,135.0,3.0073999706795393,3,,,4.451148327420747,0.21144700999812693,,,,,,3,,,,,,,,,"[6.736133593727491, -0.797208925071638, -0.8414070197573126, 1.7959851881331197]"
traveler (traveler.221),221,135.0,2.39109000540891,1,,,2.580297952705371,4.889741335952012,,,,,,1,,,,,,,,,"[1.3017401751909918, 1.626111776006904, 0.27094965286657013, -0.4058085294224973]"
traveler (traveler.222),222,135.0,1.2043096120007646,2,,,3.3570138341773257,1.65389780192573,,,,,,2,,,,,,,,,"[-0.5353413319509992, -0.9505997426286279, 0.31732928060556864, -0.9542793510255522]"
traveler (traveler.223),223,135.0,1.4151054747691834,1,,,1.1085549941129647,2.75769031862634,,,,,,1,,,,,,,,,"[0.08120324215772548, 2.876382448824407, 0.9400730447292989, 0.7190266970807602]"
traveler (traveler.224),224,135.0,1.6710229925099613,2,,,1.6287542692745738,3.9259203056937175,,,,,,2,,,,,,,,,"[-0.5887185405204157, 0.01819618885825623, 2.437356686827868, 1.9325960229740144]"
traveler (traveler.225),225,135.0,2.687555365829746,1,,,0.2842705605648316,4.021018374517736,,,,,,1,,,,,,,,,"[-0.608147111189173, 0.9705512486230189, -0.4937380385996142, 2.0607689853718556]"
traveler (traveler.226),226,135.0,2.6583777761775513,1,,,0.4665544178815134,0.7876707485306716,,,,,,1,,,,,,,,,"[-1.3558917424050898, 0.9728207420730492, 0.22639770091251374, 0.7414385075444653]"
traveler (traveler.227),227,135.0,1.556192206656775,1,,,3.7870019708646967,1.6251513782089677,,,,,,1,,,,,,,,,"[2.155989460780282, 0.7041933582155467, 0.5586289667760095, -0.6606894524725971]"
traveler (traveler.228),228,135.0,1.8036301692774048,2,,,3.515001384269769,3.9909238670898297,,,,,,2,,,,,,,,,"[-0.42763609814190445, -0.4103337042699837, 3.1593630029226305, 0.6943477437379839]"
traveler (traveler.229),229,135.0,0.7248056857720627,1,,,1.8449302293861451,2.810204574040135,,,,,,1,,,,,,,,,"[-1.249283623233441, 2.8932000030392064, 1.0856989506831847, -1.075018216558622]"
traveler (traveler.230),230,135.0,0.8571161999455434,2,,,3.333755760355098,2.6987448421564224,,,,,,2,,,,,,,,,"[2.3410601886256384, -1.0036124309351955, 0.9767895890178688, -0.11142580851898239]"
traveler (traveler.231),231,135.0,0.8263178729185204,1,,,2.6572223144702574,1.688777237167741,,,,,,1,,,,,,,,,"[-0.16495744458509515, 1.7248228420487555, -0.36655114187665666, 1.8094660271868426]"
traveler (traveler.232),232,135.0,0.6622417090208776,4,,,2.0346584723805012,2.9711914089196068,,,,,,4,,,,,,,,,"[-0.9287539910137054, -0.2923538417016517, -0.4240072119341435, 1.3178008059094353]"
traveler (traveler.233),233,135.0,0.7334105877778851,2,,,1.7863182832788316,2.6689659654564464,,,,,,2,,,,,,,,,"[1.3762679853651545, 1.0237896057610256, 2.4288853714696548, 1.4653296245790948]"
traveler (traveler.234),234,135.0,0.9727412247200243,1,,,1.5961495194775632,2.140444998464528,,,,,,1,,,,,,,,,"[-0.16614945967220876, 2.2897675190010536, 1.1471656666682715, 1.6867337828841464]"
traveler (traveler.235),235,135.0,0.6481169741916213,4,,,2.0936521195186804,1.9950871240861034,,,,,,4,,,,,,,,,"[0.05909030450507417, 3.469402589685812, 0.5704925839984121, -0.8709978281395634]"
traveler (traveler.236),236,135.0,0.9335838289601945,1,,,2.2296652182047745,3.393587081065805,,,,,,1,,,,,,,,,"[-0.3342164398649843, 2.3322164891595465, 0.012246575103200782, 0.9822037264740281]"
traveler (traveler.237),237,135.0,0.5737033395568105,4,,,2.9988770322716523,2.783297067564184,,,,,,4,,,,,,,,,"[5.605486794233398, 0.22654039942906612, -0.18996741298422917, -0.869600794528943]"
traveler (traveler.197),197,120.0,0.7863170537791259,,,,2.4329110387232404,3.2834497943957164,SAV (sav.4),1,5.471156092843765,1,False,,,,,2.4329110387232404,3.2834497943957164,127.94231218568753,"[2, 5.471156092843765, 7.94231218568753]","[1.1120202417796943, 2.2240404835593885]",
traveler (traveler.238),238,135.0,0.9594815293192023,0,0.0,1.0717135995352631,2.9664997745385904,1.6615593250204521,SAV (sav.4),,,,False,0,6.035384171531653,6.035384171531653,normal,,,,,,"[11.632054011974565, 1.1904408973070981, -0.32808250973133807, 1.45326230451937]"
traveler (traveler.239),239,135.0,0.9999819516315009,3,,,3.403178341851441,2.9292234690685346,,,,,,3,,,,,,,,,"[-0.05660698164746463, -0.25641358036364653, 1.0831576623312908, 2.1192679614797867]"
traveler (traveler.240),240,135.0,0.8742791268761119,2,,,3.3731693707136987,2.455963177468166,,,,,,2,,,,,,,,,"[-1.1228210662504505, -0.6509223915991941, 1.3981679969909053, -0.5779582844467713]"
traveler (traveler.241),241,142.5,1.7330748571221555,1,,,3.842069865272919,1.4034613836643466,,,,,,1,,,,,,,,,"[0.21969705842825576, -0.9828949345555751, -0.7281214508999313, -1.0194209885208618]"
traveler (traveler.242),242,142.5,3.25235558551135,1,,,0.0949994685858968,0.31052762097697195,,,,,,1,,,,,,,,,"[1.9643342021123302, 2.2970082938950735, -0.9449497718771499, 0.8450698943876752]"
traveler (traveler.243),243,142.5,2.089783719011901,2,,,1.9466910360551855,0.48479649100505784,,,,,,2,,,,,,,,,"[0.06054808131716457, -0.3219370777773623, 0.9485292677073153, -0.9364834953800276]"
traveler (traveler.244),244,142.5,2.352188235636352,3,,,1.2154881117828125,4.470486920762168,,,,,,3,,,,,,,,,"[-2.4519165991898952, 1.0517460139954684, 0.3712792302587232, 3.925371036798118]"
traveler (traveler.245),245,142.5,2.046897292253489,2,,,1.012985436591316,3.906618716370981,,,,,,2,,,,,,,,,"[2.9040538382320715, -0.3497618974980853, 2.0078122792674575, -0.29065198353544913]"
traveler (traveler.246),246,142.5,1.9328867210336562,3,,,3.404708282771496,4.208084892337875,,,,,,3,,,,,,,,,"[1.475551560442205, -1.1093728251915416, 0.24251033480905007, 1.6242508217626719]"
traveler (traveler.247),247,142.5,2.00952096348028,1,,,0.49178381552087425,2.4275965535156248,,,,,,1,,,,,,,,,"[0.24685612324529815, 0.852828443876398, -1.1549568180505447, 0.7882403049840675]"
traveler (traveler.248),248,142.5,1.4978849232642366,1,,,2.4064645315014426,1.005038341804358,,,,,,1,,,,,,,,,"[-0.20301658547826665, 2.0694289920280218, 0.046291049299564006, 1.0003339845064658]"
traveler (traveler.249),249,142.5,1.7656949145724838,1,,,3.021999387658636,4.186770633675824,,,,,,1,,,,,,,,,"[1.189393932240863, -0.21542087330140722, 0.332297590608739, -0.7934598585042194]"
traveler (traveler.250),250,142.5,1.4583526918489051,1,,,1.0660753803081295,2.7658058668736873,,,,,,1,,,,,,,,,"[1.5614563846518204, 2.529155117518063, 0.5707990197270224, 0.12227498038428421]"
traveler (traveler.251),251,142.5,0.9762882028436864,1,,,1.5755452478682797,2.1861177509433922,,,,,,1,,,,,,,,,"[-0.48425351324581084, 1.659065356506101, -1.2088417445467659, 0.4502568660387295]"
traveler (traveler.176),176,112.5,0.8412937024485203,,,,2.257261848749414,1.6944857023571915,SAV (sav.3),1,5.643931030981717,1,False,,,,,2.257261848749414,1.6944857023571915,120.78786206196344,"[2, 5.643931030981717, 8.287862061963434]","[1.1897689639417726, 2.379537927883545]",
traveler (traveler.252),252,142.5,0.8996195208415155,0,0.0,1.0717135995352631,2.272465882888258,3.3703697535124357,SAV (sav.3),,,,False,0,1.8575184443131976,1.8575184443131976,normal,,,,,,"[7.156212264178767, 0.3004932159013516, 1.2208671640162456, 2.314022077233038]"
traveler (traveler.253),253,142.5,0.5823977905618539,4,,,3.0750627380914377,2.5921413789244965,,,,,,4,,,,,,,,,"[-0.10244953559813169, -0.5577232870777954, -0.877225265822221, 2.111452647460289]"
traveler (traveler.254),254,142.5,0.6964204962515844,4,,,2.6949424923993455,3.1685797875021606,,,,,,4,,,,,,,,,"[-1.1620103255152388, -0.3886919019028181, 4.612714194479386, 0.03197774599582027]"
traveler (traveler.255),255,142.5,0.901021837579283,1,,,1.7777737029259373,3.038729549597417,,,,,,1,,,,,,,,,"[-0.22608055641549835, 0.5455126071633141, -0.08833692748578906, -0.706149472971338]"
traveler (traveler.256),256,142.5,0.5508501193112957,4,,,2.975088854381413,2.221205390317845,,,,,,4,,,,,,,,,"[1.0252948939015067, -0.4749917899500553, -0.8871355901148663, -0.32186014460177514]"
traveler (traveler.257),257,142.5,0.9599405961801127,3,,,1.5677239804039793,2.271204520409973,,,,,,3,,,,,,,,,"[4.316674052018704, 0.45428819561415135, -0.5398233221748567, 1.0537623453393588]"
traveler (traveler.258),258,142.5,0.19235838832900917,4,,,2.3244451426030306,2.4213727680452655,,,,,,4,,,,,,,,,"[0.6235086814931476, 0.7057219616530774, -1.3746110737635646, 0.7446347738733354]"
traveler (traveler.259),259,142.5,0.7417107148138092,1,,,1.758685232523628,2.5242322097849987,,,,,,1,,,,,,,,,"[0.4627895541147061, 1.946447000786428, 1.0950501087517188, 0.2420085614077742]"
traveler (traveler.260),260,142.5,0.8584558921026435,0,0.0,1.0717135995352631,2.540132618016151,3.357517283590783,SAV (sav.3),,,,False,0,1.8092536177018372,1.8092536177018372,normal,,,,,,"[6.903046623243672, 2.3226136842187293, -1.360414106539978, -1.0733569922961532]"
traveler (traveler.261),261,142.5,0.5454290050969965,4,,,3.0082803945581977,2.30215197724298,,,,,,4,,,,,,,,,"[6.557210621981552, 1.0265691202087268, -1.0752685548764844, 1.2393634011944668]"
traveler (traveler.262),262,142.5,0.7475700049257649,1,,,2.229633203386706,3.196966790854323,,,,,,1,,,,,,,,,"[-1.676489557000636, 0.39545738640554484, -0.2664351625432575, -1.1361328009818645]"
traveler (traveler.263),263,142.5,0.8483856190109743,1,,,2.5270471447840626,1.6520456318270045,,,,,,1,,,,,,,,,"[1.0801914664661978, 1.2117468844703212, -0.5293329204954971, -0.1762091620821431]"
traveler (traveler.264),264,142.5,0.8280804155255644,1,,,2.3147079721780424,1.692916337048867,,,,,,1,,,,,,,,,"[1.9024477106795128, 0.5910175076036078, 0.39830545747584445, 0.7011650132627953]"
traveler (traveler.265),265,142.5,0.9571785179482244,3,,,3.439362838086369,2.683815596846083,,,,,,3,,,,,,,,,"[5.126432074240454, 0.2962882634355077, -0.3381114769222852, 2.1253834361637085]"
traveler (traveler.266),266,142.5,0.653045255586746,4,,,2.4122366836076488,3.1471210907860865,,,,,,4,,,,,,,,,"[-2.7218588827465777, -0.1878458630980618, -0.3245760172824775, -0.025727997771155968]"
traveler (traveler.267),267,150.0,1.2250425916240542,1,,,3.4616779309178702,1.7411160111858315,,,,,,1,,,,,,,,,"[2.8380796542304787, 0.5204370938460557, 0.8432722688928549, -0.1610397580647596]"
traveler (traveler.268),268,150.0,2.018648157996014,2,,,0.7486748851493452,3.503892787041545,,,,,,2,,,,,,,,,"[2.6397777646072593, -0.5813921058440296, 1.0569937980057778, -0.21020224116040834]"
traveler (traveler.269),269,150.0,3.2496659310731757,1,,,4.618194528220792,4.9644635530259285,,,,,,1,,,,,,,,,"[5.276243149585887, 2.741967525184477, 0.8957293081801214, 0.4636712270737925]"
traveler (traveler.270),270,150.0,0.8712019802471616,2,,,2.5591294377734215,3.369193074049244,,,,,,2,,,,,,,,,"[-1.198540032368338, -0.04192284331192079, 2.8918881054066827, 1.4345882455455725]"
traveler (traveler.271),271,150.0,0.5530554219851983,4,,,2.62947713801137,1.9623142455675338,,,,,,4,,,,,,,,,"[3.6968809091229824, -1.1203379472339905, 2.027696628631397, -0.6198824294753266]"
traveler (traveler.272),272,150.0,0.5521355081221999,4,,,2.572716253567016,3.0473261968849448,,,,,,4,,,,,,,,,"[-0.544362246475819, 1.6998193571495934, 0.7536221103207711, -1.2398308027409817]"
traveler (traveler.273),273,150.0,0.9344208736662029,2,,,1.6844795335419422,2.9561455227568736,,,,,,2,,,,,,,,,"[3.03841122163496, 0.24208803595039088, 0.8553009107061399, -0.2611081479145182]"
traveler (traveler.274),274,150.0,0.5391428991445547,4,,,1.9712898860270012,2.60554942482389,,,,,,4,,,,,,,,,"[4.9899957855188175, 0.8059687980945898, 0.5704664738238797, 3.5651973713155023]"
traveler (traveler.275),275,150.0,0.6933780695407933,4,,,1.806891297467806,2.5193254700914554,,,,,,4,,,,,,,,,"[1.1964401406511125, 0.9221434605808466, -0.6119911882964345, 0.7660754883584853]"
traveler (traveler.276),276,150.0,0.5101672530494394,4,,,2.861501434852057,2.1400175855907477,,,,,,4,,,,,,,,,"[7.283598724956017, 0.6665420079737197, 0.24827468911514902, 0.5205397364836383]"
traveler (traveler.277),277,150.0,0.7488158974351827,2,,,2.6659355659646087,3.2301990387556416,,,,,,2,,,,,,,,,"[1.1538750499761, 0.10713813155453092, 1.0502638202085055, 0.2770047740741696]"
traveler (traveler.278),278,150.0,0.13137872300795692,4,,,2.4453192261459393,2.380541296550136,,,,,,4,,,,,,,,,"[0.41448508655930966, 0.2532513504423929, 4.547259218930735, -0.2742570888824079]"
traveler (traveler.279),279,150.0,0.47055354824771095,4,,,2.867605615256939,2.20625393040914,,,,,,4,,,,,,,,,"[-0.14678334033556828, 0.7786463033204035, -0.4990425702639872, 1.137426025313111]"
traveler (traveler.280),280,150.0,0.4922711349815359,4,,,2.066132902367092,2.7325730249354083,,,,,,4,,,,,,,,,"[3.065840648183394, 5.03684151718344, 4.085473647394197, -0.16980932489068762]"
traveler (traveler.281),281,150.0,0.7492051598695704,1,,,3.129940436794314,2.905565552859926,,,,,,1,,,,,,,,,"[-0.9444872757716274, 0.8289236353446069, -0.29847147117454015, -0.38453986099396825]"
traveler (traveler.282),282,150.0,0.8952461040623879,3,,,3.3915151839124165,2.581647190352725,,,,,,3,,,,,,,,,"[0.030933917620004855, -0.9647215129934946, 0.5822180731344612, 3.315616966153941]"
traveler (traveler.238),238,135.0,0.9594815293192023,,,,2.9664997745385904,1.6615593250204521,SAV (sav.4),1,6.015359536910432,1,False,,,,,2.9664997745385904,1.6615593250204521,144.03071907382088,"[2, 6.015359536910432, 9.030719073820864]","[1.3569117916096944, 2.713823583219389]",
traveler (traveler.283),283,150.0,0.9565172280094217,0,0.0,1.0717135995352631,2.277988942359756,1.5696042252007545,SAV (sav.4),,,,False,0,-1.5718571744677705,-1.5718571744677705,normal,,,,,,"[4.01005721873, -0.8928214101562696, -0.19645238280855737, -0.8674533260544997]"
traveler (traveler.284),284,150.0,0.7340143673723777,3,,,3.1277948066980414,2.1196701797228616,,,,,,3,,,,,,,,,"[0.5869456197114491, 0.53817910016676, -0.48854870283736274, 3.0510439506602838]"
traveler (traveler.285),285,150.0,0.8720652908843805,3,,,2.57582976416568,1.6312378240094494,,,,,,3,,,,,,,,,"[4.135846341466939, 0.02191208067236363, 0.47253518428759794, 2.145698200550266]"
traveler (traveler.286),286,150.0,0.42931494842886875,4,,,2.8123136193106966,2.794570073390926,,,,,,4,,,,,,,,,"[-0.677121797840906, 0.8762544815232438, 1.0713743087749605, 1.0542077002412416]"
traveler (traveler.287),287,150.0,0.9751892041924316,2,,,3.097439896178664,1.7292474103660145,,,,,,2,,,,,,,,,"[-0.06772252768300935, 1.2298370099936329, 2.757082549037423, -0.2765345178422792]"
traveler (traveler.288),288,157.5,2.5653750021070603,1,,,3.3345668950669154,4.925829136417931,,,,,,1,,,,,,,,,"[-2.685339947741461, 1.0762505015126849, 0.8969729530703747, 0.7169011128642563]"
traveler (traveler.289),289,157.5,1.6007657858026956,1,,,4.080283732346793,2.7552536508585375,,,,,,1,,,,,,,,,"[0.08045160100181112, 0.6993915890179648, -0.056265738925976895, 0.2228093037050338]"
traveler (traveler.290),290,157.5,1.955234061176257,2,,,1.308121798737711,4.049956963060449,,,,,,2,,,,,,,,,"[0.6719163279065056, -0.34387417686530514, 0.7702977360830978, -0.6314211397087731]"
traveler (traveler.291),291,157.5,2.6681955110059428,2,,,4.643219071385531,4.0893015123008,,,,,,2,,,,,,,,,"[1.3891284965380843, -0.2731622843604141, 2.4928911294436342, 0.1642131770291558]"
traveler (traveler.292),292,157.5,1.4263732530910653,1,,,1.142955263864076,2.9392837821492717,,,,,,1,,,,,,,,,"[-1.6943550257056037, 7.025250561304131, 2.4458072591173465, 0.25924996925995225]"
traveler (traveler.293),293,157.5,1.6604500201833678,2,,,1.413822209930431,3.7559108558677776,,,,,,2,,,,,,,,,"[0.9321637901716406, -0.03311055199315047, 1.9847331222574884, -0.3875198471230618]"
traveler (traveler.294),294,157.5,2.1804606641743614,1,,,3.3150850319355096,4.52238599152743,,,,,,1,,,,,,,,,"[-2.712340146330361, 1.5381554981940135, 0.48006863116822424, 2.0142248138925787]"
traveler (traveler.295),295,157.5,2.029636114679685,1,,,1.7309201830758063,0.6217191388900606,,,,,,1,,,,,,,,,"[-1.9496367764382068, 1.5733177609350846, 1.7798700200298758, 0.9035626187357302]"
traveler (traveler.296),296,157.5,0.8053296490602085,3,,,2.980070384898079,3.1465974552990823,,,,,,3,,,,,,,,,"[-0.8801366633286155, -0.7254668935375557, -0.4273237342348991, 2.289375915111472]"
traveler (traveler.297),297,157.5,0.3818429755173906,4,,,2.5083180364081823,2.8817523650513337,,,,,,4,,,,,,,,,"[0.022208633087533625, 1.8316448348501755, 3.281814708702466, 3.233023743769754]"
traveler (traveler.298),298,157.5,0.6242619010683274,4,,,2.501491190402213,3.124260120043421,,,,,,4,,,,,,,,,"[0.5753911197761125, -0.578457232875774, 0.9074366320774323, 0.8204472132537776]"
traveler (traveler.299),299,157.5,0.8459814917416378,1,,,3.288959725087971,2.1946686446522077,,,,,,1,,,,,,,,,"[-0.16165197521234306, 1.1026735287876117, -1.187084918819662, -0.7165195985162376]"
traveler (traveler.260),260,142.5,0.8584558921026435,,,,2.540132618016151,3.357517283590783,SAV (sav.3),1,5.697866589579228,1.0,False,,,,,2.540132618016151,3.357517283590783,,,,
traveler (traveler.252),252,142.5,0.8996195208415155,,,,2.272465882888258,3.3703697535124357,SAV (sav.3),2,7.54003115563337,1.2939302810686684,False,,,,,2.272465882888258,3.3703697535124357,153.8672625497437,"[2.0, 5.697866589579228, 7.54003115563337, 11.367262549743717]","[1.2140399653106528, 1.5930140200350167, 2.8652681473846733]",
traveler (traveler.300),300,157.5,0.9293997270650897,0,0.0,1.0717135995352631,2.61959617364738,1.578327277219528,SAV (sav.3),,,,False,0,3.084863346140721,3.084863346140721,normal,,,,,,"[8.531794546744708, 1.6596430489317944, -0.8978530227818239, 1.3339592920425238]"
traveler (traveler.301),301,157.5,0.9147638306361026,1,,,2.9132501713253385,1.6839012549086878,,,,,,1,,,,,,,,,"[4.056597265279844, 1.3890049682704348, -0.21483355762505035, -0.85634748375772]"
traveler (traveler.302),302,157.5,0.457917859603299,4,,,2.134693280209583,2.7761154950734066,,,,,,4,,,,,,,,,"[-0.13755620739092606, -0.39469115163091406, -0.08573239056362861, 1.0016459745126647]"
traveler (traveler.303),303,157.5,0.9949919983376915,2,,,2.6370820153627546,1.5144962720414914,,,,,,2,,,,,,,,,"[-1.0101697723213432, 0.3182971508643507, 6.0963865775629635, -1.1355846245658419]"
traveler (traveler.304),304,157.5,0.8235417411172211,3,,,1.832815468030173,2.017210398141606,,,,,,3,,,,,,,,,"[-1.1256189562390608, 1.2422607511404589, 0.49782472501396474, 2.0214437937478107]"
traveler (traveler.305),305,157.5,0.2541045400344506,4,,,2.635518099325126,2.285048931099599,,,,,,4,,,,,,,,,"[-2.403208292199321, 2.3039691835827667, 0.7728372042869104, 1.43103754538606]"
traveler (traveler.306),306,157.5,0.9958444605511712,3,,,2.322817432487368,3.4799553700960493,,,,,,3,,,,,,,,,"[-1.827177817770992, -1.2039757466799583, -0.5683175610447913, 0.6101944274749088]"
traveler (traveler.307),307,157.5,0.6893692039257052,4,,,1.847527025721257,2.722505993530537,,,,,,4,,,,,,,,,"[0.5242660137141167, 1.0221633862514472, -0.3736081751485037, -1.3006789701371342]"
traveler (traveler.308),308,157.5,0.6853360159321115,4,,,2.303638160686612,3.156602987196344,,,,,,4,,,,,,,,,"[0.05623052523346119, 1.4347844491023807, 0.1785250587424514, 0.6580635769759806]"
traveler (traveler.309),309,165.0,2.041169631278358,1,,,2.3133393270561085,4.532616849489633,,,,,,1,,,,,,,,,"[-0.17011574101899654, -0.7001943751710273, -0.02102719711536518, 0.21911728439909545]"
traveler (traveler.310),310,165.0,1.9582851548720797,1,,,3.652929192760246,0.9170802217820473,,,,,,1,,,,,,,,,"[1.2209799092024693, -0.6996411909828196, -1.2986189007001732, -1.7558106240714697]"
traveler (traveler.311),311,165.0,2.3545539150930916,1,,,2.064737535129188,0.18602706892349496,,,,,,1,,,,,,,,,"[0.782566643038015, 1.3506200392052434, -1.6278506284672816, 0.6517616156999584]"
traveler (traveler.312),312,165.0,1.591164291283757,1,,,4.01813684853081,2.9765126556446115,,,,,,1,,,,,,,,,"[-1.1727530060143028, 1.9041416780573452, -0.4039741270240717, 1.003156459233744]"
traveler (traveler.313),313,165.0,2.3188987121843287,2,,,0.5728661742951668,1.21025333681595,,,,,,2,,,,,,,,,"[1.4944506861080598, 0.33479100706960435, 1.6946593108038512, 1.4965807709634342]"
traveler (traveler.314),314,165.0,2.4306770836057847,3,,,0.09123804609049824,2.1743361638677055,,,,,,3,,,,,,,,,"[3.2078178662910726, -0.7715506159738424, -0.4449225534665993, 0.990932417109095]"
traveler (traveler.315),315,165.0,1.4400325681530024,3,,,3.913110633995565,2.7771500197185333,,,,,,3,,,,,,,,,"[-1.6836111893255183, -0.13448761144464208, -0.5443294546240656, 0.8055439628383303]"
traveler (traveler.283),283,150.0,0.9565172280094217,,,,2.277988942359756,1.5696042252007545,SAV (sav.4),1,6.006043636654317,1,False,,,,,2.277988942359756,1.5696042252007545,159.01208727330862,"[2, 6.006043636654317, 9.012087273308634]","[1.3527196364944425, 2.705439272988885]",
traveler (traveler.316),316,165.0,1.3553207970967165,0,0.0,1.0717135995352631,3.6071336205710267,1.7182394169285786,SAV (sav.4),,,,False,0,-0.621174192110086,-0.621174192110086,normal,,,,,,"[6.945870729291866, 1.1285234525602665, 1.9220721288265648, 0.2635032560392388]"
traveler (traveler.317),317,165.0,1.696800332015663,2,,,4.1849394053783096,2.700276226576829,,,,,,2,,,,,,,,,"[1.3229963612662023, -0.1915748822305196, 2.2489763486619014, 0.4858705582191955]"
traveler (traveler.318),318,165.0,0.4900634366863156,4,,,2.6832530891171666,2.954511251022258,,,,,,4,,,,,,,,,"[2.8942559634116343, -0.8788731471012666, 2.0737687616124676, 1.215142031094566]"
traveler (traveler.319),319,165.0,0.847422529100847,2,,,3.346355209080813,2.457481734637348,,,,,,2,,,,,,,,,"[-0.966498350489954, 0.7940482570143474, 2.5670484607551938, -0.16601622966514104]"
traveler (traveler.320),320,165.0,0.29177032664563857,4,,,2.4170776970121812,2.779738833875633,,,,,,4,,,,,,,,,"[2.8798811505431994, 0.09219032525734444, 1.7251543478582083, 0.7696115797840819]"
traveler (traveler.321),321,165.0,0.8194532780304571,2,,,3.3194459742760083,2.496540214211084,,,,,,2,,,,,,,,,"[2.2396734245981853, 1.1424082446598844, 4.859856987712967, 0.29930805682562117]"
traveler (traveler.322),322,165.0,0.8340063472451759,3,,,1.6761271106445412,2.37038499535035,,,,,,3,,,,,,,,,"[0.5039318195259127, -0.26314900937291774, 0.6658675366160767, 4.702964628275689]"
traveler (traveler.323),323,165.0,0.3498672168014966,4,,,2.1746900908291176,2.628765416116509,,,,,,4,,,,,,,,,"[0.08921195999465432, 0.43561315811611145, 1.7912332735240846, 0.6245092854411438]"
traveler (traveler.324),324,165.0,0.878598440152985,2,,,2.1858686015429845,1.6794777982633875,,,,,,2,,,,,,,,,"[1.5443495284250766, 1.6129643623947123, 2.0606552270999625, -1.9052619913541242]"
traveler (traveler.325),325,165.0,0.7027151428684096,2,,,2.4226506151026483,1.8015548377484667,,,,,,2,,,,,,,,,"[0.02737228286721994, -0.1844760569945912, 0.09573631167066216, -0.7004990697335547]"
traveler (traveler.326),326,165.0,0.7837323554336266,1,,,1.8027524892157831,2.8578858947468504,,,,,,1,,,,,,,,,"[0.6692466467866235, 0.6285757057330734, -0.3002674640326625, -0.27263543485705727]"
traveler (traveler.327),327,165.0,0.6091914878167747,4,,,2.4038575736528145,3.1015570651937283,,,,,,4,,,,,,,,,"[1.1605551573372268, 0.33545199556651994, 2.137760535263026, 2.282313968360464]"
traveler (traveler.328),328,165.0,0.7085468752640262,0,0.0,1.0717135995352631,2.211222691600819,3.1470288560799586,SAV (sav.4),,,,False,0,2.7064110456461057,2.7064110456461057,normal,,,,,,"[7.053999681802586, 3.911467653178828, 0.5774435723032534, 1.8926280697238682]"
traveler (traveler.329),329,165.0,0.6126263554031229,4,,,1.9545561772494544,2.2210697442768446,,,,,,4,,,,,,,,,"[1.0607964253232303, -0.5924983949031202, 0.7587384897303954, -0.5848731536125902]"
traveler (traveler.330),330,165.0,0.4676002492551588,4,,,2.31450012432712,2.0707683734522435,,,,,,4,,,,,,,,,"[-0.6779423422024694, 0.3782343977549202, 1.1065679503739372, 1.0546028623767778]"
traveler (traveler.331),331,165.0,0.6177333224843501,4,,,1.9469935000342042,2.7752785293173705,,,,,,4,,,,,,,,,"[1.568513046727215, 0.9879636801942007, 0.9795501560964228, 2.174724479507119]"
traveler (traveler.332),332,172.5,2.9807104483813003,1,,,0.5738195359937143,4.774744732309536,,,,,,1,,,,,,,,,"[0.7497878287975983, 0.25121527984349895, -0.1133785081979867, -0.46768599586670967]"
traveler (traveler.333),333,172.5,3.1863765007097804,1,,,4.7657914803281995,0.2596464180965419,,,,,,1,,,,,,,,,"[3.8988127830914032, 2.1224715494206174, 0.017001293413177482, 1.406356653888181]"
traveler (traveler.300),300,157.5,0.9293997270650897,,,,2.61959617364738,1.578327277219528,SAV (sav.3),1,5.920821553069562,1,False,,,,,2.61959617364738,1.578327277219528,166.34164310613912,"[2, 5.920821553069562, 8.841643106139124]","[1.3143696988813027, 2.6287393977626055]",
traveler (traveler.334),334,172.5,1.053845061273098,0,0.0,1.0717135995352631,2.1714497808195006,1.498678789475552,SAV (sav.3),,,,False,0,2.9728502487147193,2.9728502487147193,normal,,,,,,"[9.039234862421972, 0.9723845095915287, 3.1332893235394197, 1.9909364074492557]"
traveler (traveler.335),335,172.5,0.48404764813336826,4,,,2.9831518677057525,2.5294346461824864,,,,,,4,,,,,,,,,"[1.6048716112208314, -0.38430537659189634, 2.4044460450718526, 2.347000705001862]"
traveler (traveler.336),336,172.5,0.7203027572435347,1,,,2.94106616367497,3.069470544763891,,,,,,1,,,,,,,,,"[-1.9829782276717443, 1.6886464781405444, -0.33968841098721375, 0.3910631533883406]"
traveler (traveler.337),337,172.5,0.360300720638311,4,,,2.1487849447916822,2.4195972992524224,,,,,,4,,,,,,,,,"[-0.4876151561185461, 1.378224085618646, 2.492204651378715, 0.39926320200494786]"
traveler (traveler.338),338,172.5,0.9782760566213476,2,,,2.3382024743335936,3.464803401552276,,,,,,2,,,,,,,,,"[-0.7186697419428966, 0.43769203960274133, 1.1975475071748167, 0.37766013156088296]"
traveler (traveler.339),339,172.5,0.9003240358092393,3,,,2.954168725447487,3.277376445669176,,,,,,3,,,,,,,,,"[-0.42877701330727924, 0.2378539007263955, 0.3266864873415347, 3.0933021326693533]"
traveler (traveler.340),340,172.5,0.732572652805593,2,,,3.082686268062285,2.944003834049066,,,,,,2,,,,,,,,,"[0.247240096836576, -0.4778829580117946, 0.2525425430039557, -0.15623221704821033]"
traveler (traveler.341),341,172.5,0.6419819140811743,4,,,3.0087015968594897,2.1083835251678837,,,,,,4,,,,,,,,,"[3.44655617744654, 0.6740707642958323, 0.16778810423936716, 0.9434357194181737]"
traveler (traveler.342),342,172.5,0.8125643404493411,1,,,3.268790431604284,2.2368991074823734,,,,,,1,,,,,,,,,"[-1.2758590057763877, 1.5096780868515265, -0.8732117337829359, 0.9046881031027395]"
traveler (traveler.343),343,172.5,0.7957234318765274,3,,,2.102503202482475,1.8106727366477733,,,,,,3,,,,,,,,,"[-1.3890628140600187, -0.3621922779182393, 0.10722143699404146, 1.157224827434539]"
traveler (traveler.344),344,172.5,0.5252637473735774,4,,,2.638238935683392,1.9932535141058634,,,,,,4,,,,,,,,,"[1.9843621089753887, 0.768037004744533, 1.2031890694375862, 0.9672181664596742]"
traveler (traveler.345),345,172.5,0.9802440589460559,3,,,2.176645584775983,3.425375781644502,,,,,,3,,,,,,,,,"[0.19081841541318373, 0.15516890445333903, 0.4056894762352509, 1.945929835997175]"
traveler (traveler.346),346,180.0,2.8336009235250845,3,,,0.1465383089763478,4.078135692102015,,,,,,3,,,,,,,,,"[3.0949890070206325, -0.03510485951668402, 0.8036113254340367, 3.3142213043779822]"
traveler (traveler.347),347,180.0,2.7518346254442316,3,,,4.181311737305874,4.678482189000245,,,,,,3,,,,,,,,,"[7.768059347602023, 0.30628918556945817, 0.5435937115483778, 2.968833935090573]"
traveler (traveler.348),348,180.0,1.090758735946433,3,,,2.7181730257750076,1.431283409473008,,,,,,3,,,,,,,,,"[1.4773946653312848, 0.32231663896195606, -0.4442557569235726, 2.140893068360884]"
traveler (traveler.349),349,180.0,2.5155993115097908,1,,,3.957768908850403,0.4498415416222973,,,,,,1,,,,,,,,,"[2.370924713130831, 0.5012820710863299, 0.6200576068219416, 0.5003902383248645]"
traveler (traveler.350),350,180.0,0.7826408221976775,2,,,2.9420673751103332,3.145835189838179,,,,,,2,,,,,,,,,"[-0.39955276425323033, -0.37467335513254957, 1.130779526029635, -0.8203894109129483]"
traveler (traveler.351),351,180.0,0.8986683040551818,2,,,3.0276842240213595,1.7725702230232856,,,,,,2,,,,,,,,,"[0.30255128367883843, -0.3329333221123204, 0.3806239010161504, 0.1085374053872917]"
traveler (traveler.352),352,180.0,0.43618516129757373,4,,,2.080424292804798,2.3807786895398455,,,,,,4,,,,,,,,,"[2.8391625270190333, -0.035070584024252775, -0.6753420450684396, 0.6599943228414913]"
traveler (traveler.353),353,180.0,0.9623145941352355,1,,,2.700630191329723,3.4411678407237796,,,,,,1,,,,,,,,,"[-1.724105877767307, 2.381098335956621, 1.0378693931258398, 0.07297080839942943]"
traveler (traveler.354),354,180.0,0.8327496965165619,3,,,1.772556515569067,2.9053369388637176,,,,,,3,,,,,,,,,"[0.10026304322504327, 0.9610289364011586, -0.009707795585401652, 1.5428833271542701]"
traveler (traveler.355),355,180.0,0.4792645973341147,4,,,2.941461813017275,2.6865637207640636,,,,,,4,,,,,,,,,"[-0.8269616038180158, 0.27017970395072477, 0.23483956756808558, -0.3076536379347476]"
traveler (traveler.356),356,180.0,0.5050944894002037,4,,,2.409644759074623,2.003052946824544,,,,,,4,,,,,,,,,"[0.027167585780716832, -0.39568791104229534, 0.40381309104397667, 1.3304260557813787]"
traveler (traveler.357),357,180.0,0.2834422291347847,4,,,2.5127747453512743,2.783154203814999,,,,,,4,,,,,,,,,"[1.6895195362155453, 1.0772966999194298, 0.8631258848265589, 0.014865927207526644]"
traveler (traveler.358),358,180.0,0.7451825577251744,3,,,2.768785115856616,3.1950191406226005,,,,,,3,,,,,,,,,"[-0.7997924636330694, -0.28469660239713, -0.0478616052942501, 0.2553481921322258]"
traveler (traveler.359),359,180.0,0.9050574606079695,3,,,1.8687412596773338,3.1485687394319797,,,,,,3,,,,,,,,,"[-2.3732462527914797, -0.22285162883682694, 1.2456926718006873, 1.8712079357154032]"
traveler (traveler.360),360,180.0,0.5371324810877787,4,,,2.402297340127788,1.9718281600715466,,,,,,4,,,,,,,,,"[4.135109477587958, 2.752858630091749, 2.671224764775957, 1.9594953445643655]"
traveler (traveler.361),361,180.0,0.445192803147258,4,,,2.793029566307982,2.1648428648477416,,,,,,4,,,,,,,,,"[-0.9865221150218181, 1.2002871647558073, -0.23828928757397316, 0.7335590247704598]"
traveler (traveler.362),362,180.0,0.7092563649458489,1,,,2.685134030591102,1.8153322105332454,,,,,,1,,,,,,,,,"[1.1084866981777723, 1.9024019829634806, -0.15499976604497379, 0.8121001870838391]"
traveler (traveler.363),363,180.0,0.96730402037345,2,,,1.6233991723046497,2.0910402749481722,,,,,,2,,,,,,,,,"[1.88448152467934, -0.9102928704963156, 0.026137640901889393, 0.15411917943904752]"
traveler (traveler.364),364,180.0,0.6459753481198884,4,,,2.708735460467249,3.1113212395477,,,,,,4,,,,,,,,,"[-1.3636178221646926, 4.140830722627187, 0.22401091976234092, -0.6344216422556856]"
traveler (traveler.365),365,180.0,0.944274709397296,3,,,3.3040160573218484,2.0048102319554877,,,,,,3,,,,,,,,,"[1.0584291380327475, -0.23483037397773318, -1.526118299377094, 1.8337249324636369]"
traveler (traveler.366),366,180.0,0.6340777100608247,4,,,3.130119291356463,2.429259480801962,,,,,,4,,,,,,,,,"[-1.2107578019598562, -0.1988812109390787, 0.7252114209822538, -0.5907547121052569]"
traveler (traveler.367),367,180.0,0.7185713772391078,2,,,2.494485890385723,3.2185502200837948,,,,,,2,,,,,,,,,"[2.741457155599885, -0.5143003193002419, 2.9079321346995113, 0.28536297666774335]"
traveler (traveler.368),368,187.5,1.1156832416926605,1,,,1.513168269374097,3.0204922969878893,,,,,,1,,,,,,,,,"[0.13187025699235155, -0.6060155105861682, -0.41928027045151683, -0.551395131444404]"
traveler (traveler.369),369,187.5,1.0956255481507626,2,,,3.0836543825651153,3.427223222030808,,,,,,2,,,,,,,,,"[-2.354380773449354, 1.935136775339291, 2.7044380290035215, 1.5413872343728552]"
traveler (traveler.370),370,187.5,1.1911262580530302,1,,,3.4245460818442606,3.2509968742743474,,,,,,1,,,,,,,,,"[-3.149379694664152, 0.3104287802648743, 0.6325965328257834, -0.1890093677744814]"
traveler (traveler.371),371,187.5,2.1375485705265813,2,,,3.113619105519926,4.547580397615966,,,,,,2,,,,,,,,,"[0.71865783897798, -0.9188868414737101, 0.20408297681371929, -0.8165884358356714]"
traveler (traveler.372),372,187.5,1.4283449316986014,1,,,2.49334734115795,3.928329438903859,,,,,,1,,,,,,,,,"[4.5419019398337, 1.473309628633681, -0.4729922963170138, 0.04668502296932402]"
traveler (traveler.373),373,187.5,1.4655746635346252,2,,,1.250080270380164,3.265251438353242,,,,,,2,,,,,,,,,"[1.7583847284273753, 0.10660935160453831, 2.1287807607153684, 0.19123170839657344]"
traveler (traveler.374),374,187.5,2.7525609893973026,1,,,0.6032814920089169,0.5052441498278698,,,,,,1,,,,,,,,,"[0.34287513903027717, 1.032778091033448, -1.2584614581505185, 1.2574377479821435]"
traveler (traveler.375),375,187.5,1.9792513435154788,1,,,1.1507874078441533,3.948123358687349,,,,,,1,,,,,,,,,"[1.2468637814257664, 2.578598646146066, 1.7329208120739783, 0.7255022764735714]"
traveler (traveler.376),376,187.5,0.6883282480235544,4,,,1.901792887184288,2.8405055465096947,,,,,,4,,,,,,,,,"[-1.974974674531495, 1.3166916804781983, -0.9629586025805131, -0.6087506000177535]"
traveler (traveler.377),377,187.5,0.48313531146296335,4,,,2.546781611548343,2.0191349357633115,,,,,,4,,,,,,,,,"[3.405056716944129, 1.490257558514416, 2.6930896128955393, -1.0699521773223022]"
traveler (traveler.378),378,187.5,0.49375809831957923,4,,,2.161721006649087,2.8596726043413097,,,,,,4,,,,,,,,,"[-2.2295628178220386, 1.1946825446269163, -0.5662238415947405, 0.8321431422920207]"
traveler (traveler.379),379,187.5,0.6614981757126589,4,,,1.880542865742214,2.2679381649466954,,,,,,4,,,,,,,,,"[1.689314694606306, 0.7139028989578653, 0.5195621555838, 0.6589346933247862]"
traveler (traveler.380),380,187.5,0.4439922198265013,4,,,2.2829214159093043,2.88730605416859,,,,,,4,,,,,,,,,"[-2.896323146888449, 1.7984589744971167, -0.08749410249208116, 1.494009120506168]"
traveler (traveler.381),381,187.5,0.6882034008905198,4,,,3.0288195524047214,2.9404245701499265,,,,,,4,,,,,,,,,"[0.6955106055898929, 1.3754466820305369, 1.7216252058812984, 2.1152497501194514]"
traveler (traveler.382),382,187.5,0.7585891284218437,2,,,2.9386861983714687,1.8811204599292357,,,,,,2,,,,,,,,,"[-2.042787485892152, -0.44287449406629753, 1.3569919132191544, 0.6839446255085523]"
traveler (traveler.383),383,187.5,0.9841884421536561,3,,,1.5617002415750343,2.7970192805332528,,,,,,3,,,,,,,,,"[-0.7534960175490282, -1.11772598077642, -1.1933704033569217, 4.09451923302955]"
traveler (traveler.384),384,187.5,0.4163630724443212,4,,,2.9120583802970117,2.5597168261236174,,,,,,4,,,,,,,,,"[3.4944655303291703, 3.1468612754126766, 4.721180090164771, 0.6205271440868859]"
traveler (traveler.385),385,187.5,0.6643833931722517,4,,,2.397439294088417,3.1564195264661103,,,,,,4,,,,,,,,,"[0.7061109234470534, 1.3711053580858532, 2.209785791307863, 0.1751948879392053]"
traveler (traveler.386),386,187.5,0.4263005704697507,4,,,2.0858050788877653,2.6008699346072186,,,,,,4,,,,,,,,,"[-1.313140891218514, 1.15392502703686, -0.49262720642981844, -1.1136184431836353]"
traveler (traveler.387),387,187.5,0.8032663594218834,3,,,3.2887285120401293,2.652132108622243,,,,,,3,,,,,,,,,"[-1.0922327605081552, -1.244221784145159, -0.5703252288498653, 2.5140431411163084]"
traveler (traveler.388),388,187.5,0.8457623426981039,2,,,3.3077216563270317,2.2492019413422395,,,,,,2,,,,,,,,,"[-0.10990205763194597, -0.09637833803683016, 0.8349317754106047, -0.7780176621264813]"
traveler (traveler.389),389,187.5,0.6850841468692602,4,,,2.7546044532844896,3.1360163996779393,,,,,,4,,,,,,,,,"[-0.9000895818899981, 0.17723219916324787, -0.15556179241181603, -0.049234250909621885]"
traveler (traveler.390),390,187.5,0.48864847651986787,4,,,2.971269005502532,2.3708378613608376,,,,,,4,,,,,,,,,"[0.10072973844408746, 0.6956979643932354, -0.10158408898158497, 0.22500647424556897]"
traveler (traveler.391),391,187.5,0.9261538458935742,1,,,2.3625382896798266,3.4158958589595825,,,,,,1,,,,,,,,,"[-2.035193283149967, 2.290542182406105, 0.7923260167452131, -0.09956941647949791]"
traveler (traveler.392),392,195.0,2.313422192629377,2,,,0.18801216316680303,2.4185476600368707,,,,,,2,,,,,,,,,"[-1.3376459597257042, 0.5723057396789196, 2.6548057307857302, 1.7041909081237143]"
traveler (traveler.393),393,195.0,2.1245700862246157,1,,,3.2159019580093435,4.500320583756229,,,,,,1,,,,,,,,,"[1.8884075277468368, 1.1447155249569647, -0.26517909355811486, 0.23262532347512843]"
traveler (traveler.394),394,195.0,1.8576393555160877,1,,,0.6423903792720626,2.4894894271691177,,,,,,1,,,,,,,,,"[0.1351335059573208, -0.12413691899523027, 0.3436119000693895, -0.9911300725904404]"
traveler (traveler.395),395,195.0,2.1273512309926774,1,,,1.8837774865369634,0.46385337612750543,,,,,,1,,,,,,,,,"[8.527305999696692, 0.18896145825144434, -0.27294208048220353, 0.4395065022006243]"
traveler (traveler.396),396,195.0,2.1013689292396784,3,,,4.5115762575330765,1.8922892654369723,,,,,,3,,,,,,,,,"[2.8344529148285864, 0.6224502020982307, 0.41614349735996625, 2.4281069730435267]"
traveler (traveler.397),397,195.0,1.6453604872864882,3,,,4.142593157886337,2.595387896447205,,,,,,3,,,,,,,,,"[1.1310952252516933, 0.6411152039547506, 0.17729027651869772, 2.7491510749768286]"
traveler (traveler.398),398,195.0,2.323405768834416,1,,,4.679091877778062,3.3060849551100184,,,,,,1,,,,,,,,,"[-0.27436120857080964, 2.0245534736236217, 1.6033475782584081, 1.8616529478485748]"
traveler (traveler.399),399,195.0,1.3119738060324013,1,,,3.6772579876831744,1.9209154654531795,,,,,,1,,,,,,,,,"[0.2815225253179885, 2.520071689122431, 1.3883566795812508, -0.6292963063184552]"
traveler (traveler.400),400,195.0,0.9908103337129922,1,,,1.8173010449627127,3.2180719004274203,,,,,,1,,,,,,,,,"[1.413865236856157, 0.8050662945187577, -0.11095931385751859, -0.223630862493941]"
traveler (traveler.401),401,195.0,0.9078350743941662,1,,,2.409906473987051,1.5966464264360187,,,,,,1,,,,,,,,,"[4.3052643143553775, 2.5523530044777556, -1.077728331947255, 0.3090835483120329]"
traveler (traveler.402),402,195.0,0.31796924535272425,4,,,2.46414329949135,2.1840589643322446,,,,,,4,,,,,,,,,"[-0.45403437579492656, 1.781516226765042, 0.8446377991174367, -0.6947769186230983]"
traveler (traveler.403),403,195.0,0.19288056364205242,4,,,2.655838909783082,2.6136536230328637,,,,,,4,,,,,,,,,"[0.06603805365145424, 1.8835590936053124, 0.7852408400451076, 0.2284831398281598]"
traveler (traveler.404),404,195.0,0.7375008484374603,1,,,2.0078433431954155,1.9507374702303932,,,,,,1,,,,,,,,,"[1.8928308119374697, 1.4640503490874583, 0.5169604556851274, -0.5133514781969861]"
traveler (traveler.405),405,195.0,0.4645417236459429,4,,,2.198128198779835,2.146910169169322,,,,,,4,,,,,,,,,"[2.0106019542265496, 0.3284847718606569, 1.4611567451530774, 0.17041554010276266]"
traveler (traveler.406),406,195.0,0.9958756889643839,2,,,1.5814145532442,2.8846676031052443,,,,,,2,,,,,,,,,"[3.1550546145459384, 1.9147743278140186, 3.2352063557759556, -1.5843196746780648]"
traveler (traveler.407),407,195.0,0.1370177793707618,4,,,2.47333541365757,2.6343981833913013,,,,,,4,,,,,,,,,"[1.1209976949058602, 2.262393225169808, -0.3199934912396492, 0.18466674556600263]"
traveler (traveler.408),408,195.0,0.499257882395841,4,,,2.9846528849076517,2.6198749944111364,,,,,,4,,,,,,,,,"[0.9571454137933852, 1.1237114596264859, 0.3323449686732574, 1.249336167986032]"
traveler (traveler.409),409,195.0,0.7834045266516602,2,,,2.6935931195131415,1.7408923946794617,,,,,,2,,,,,,,,,"[-1.207237779403948, 0.4235324410960875, 1.9019213583430288, 0.5620362133267276]"
traveler (traveler.410),410,195.0,0.9040533462406205,2,,,1.8385924040971375,1.8836782942887218,,,,,,2,,,,,,,,,"[1.556550080015905, -0.6224442161406268, 0.8483764987944492, 0.5009366772667915]"
traveler (traveler.411),411,195.0,0.35143917927840285,4,,,2.316875709064167,2.2000416848941744,,,,,,4,,,,,,,,,"[-0.7392825095031583, 2.241830043015868, 2.218215905338018, -0.7982594175323635]"
traveler (traveler.412),412,195.0,0.7742050723923808,2,,,1.863227629546134,2.0596428241249427,,,,,,2,,,,,,,,,"[0.06718699736130791, -0.9721850411283635, 0.7372490114281012, -0.010728894122413183]"
traveler (traveler.413),413,195.0,0.39386370177861796,4,,,2.4695730565478433,2.892686664773475,,,,,,4,,,,,,,,,"[1.0921756279296617, 4.06437325802394, -0.13151035052566365, 0.42617190991669973]"
traveler (traveler.414),414,195.0,0.7468533889736475,1,,,3.0960883746830516,2.050034852250599,,,,,,1,,,,,,,,,"[-0.4268064274609535, -0.3136690747652685, -0.27196283081491607, -0.007266870059733025]"
traveler (traveler.415),415,195.0,0.6372378968958495,4,,,1.939417948753354,2.1969820119855124,,,,,,4,,,,,,,,,"[1.084356126343633, 0.5344207518420928, 2.500034425561984, 0.7109848352245456]"
traveler (traveler.416),416,195.0,0.9750490944932302,2,,,1.7917093373446062,1.8298917446656464,,,,,,2,,,,,,,,,"[-0.7280477990593307, 0.11469653032092783, 1.3111783456868191, -0.29008197895416354]"
traveler (traveler.417),417,195.0,0.7388864454964886,3,,,2.0734734639067494,1.8966524274129146,,,,,,3,,,,,,,,,"[1.0053162937805693, -0.8751477040760982, -1.4067763762431669, 1.988012765190384]"
traveler (traveler.418),418,195.0,0.6251577405233659,4,,,2.068537315908537,2.047603986784951,,,,,,4,,,,,,,,,"[-2.299829943779943, 1.6896251622648817, -1.012724097414656, 1.457394189672503]"
traveler (traveler.419),419,195.0,0.6251592139359604,4,,,3.107850957132907,2.353913530121244,,,,,,4,,,,,,,,,"[-1.2693944857047526, 2.27198691981648, -0.43357584863142096, 0.7368978150145035]"
traveler (traveler.420),420,195.0,0.37403340059430756,4,,,2.158820705577291,2.6532895098086113,,,,,,4,,,,,,,,,"[2.014373534206597, 0.9362042271922301, 2.6488105906207724, 2.780010018072855]"
traveler (traveler.421),421,195.0,0.9868613035876719,1,,,2.433885416521006,3.4846441460599653,,,,,,1,,,,,,,,,"[-1.007976705275864, 0.388377962300141, -0.5020659049321584, -0.515048278154644]"
traveler (traveler.422),422,195.0,0.7735836446834686,1,,,2.5206933610873667,1.7266931785321773,,,,,,1,,,,,,,,,"[0.35493475713836375, -0.016004938736637025, -0.22749757956840422, -1.1222880659601546]"
traveler (traveler.423),423,202.5,1.0672382159784337,3,,,2.8881099117666387,3.4941670413131396,,,,,,3,,,,,,,,,"[-0.5138497496856772, 0.46265344345540504, 1.0383805623344413, 1.1799388885928597]"
traveler (traveler.424),424,202.5,2.489437955067873,2,,,0.3653571478961454,1.2191404346711403,,,,,,2,,,,,,,,,"[0.1149106002896726, -0.3945422905118865, 3.2669608788016453, 0.1687934151731421]"
traveler (traveler.425),425,202.5,3.3829098236263224,1,,,4.920948504939336,0.1371442677938478,,,,,,1,,,,,,,,,"[-0.11892276998149645, 1.1853751427359105, -0.7254035665215616, -0.7028202567056232]"
traveler (traveler.426),426,202.5,2.0944856075636946,1,,,0.4272259505998871,2.800795113698541,,,,,,1,,,,,,,,,"[0.9607586651158401, 0.9750930004175583, 1.019642114254476, 2.0802383851448005]"
traveler (traveler.427),427,202.5,2.007494445714205,2,,,3.841502763385651,1.0065461890630678,,,,,,2,,,,,,,,,"[1.6191528906294248, -0.21039007406990154, 4.6804501976650235, -1.670629686332172]"
traveler (traveler.428),428,202.5,1.4930274841482147,3,,,2.839034950687646,1.0459758012212546,,,,,,3,,,,,,,,,"[-2.6028579820012285, 1.0715692033587068, 0.2985835046755356, 4.073078305456292]"
traveler (traveler.429),429,202.5,2.589812187198864,2,,,4.9725144684993605,3.2705837839100234,,,,,,2,,,,,,,,,"[0.8419852391923036, -1.4325539170114456, 1.1824170260045863, -0.6663111986210888]"
traveler (traveler.430),430,202.5,2.249035936630055,1,,,4.246442910697593,1.082925618068145,,,,,,1,,,,,,,,,"[1.0787216503291144, 2.439237634390428, 1.1678664597152915, 2.185028393642962]"
traveler (traveler.431),431,202.5,0.9847303362679645,2,,,1.5309898698099234,2.324748173317854,,,,,,2,,,,,,,,,"[3.8784487372472203, 0.01105742540824844, 2.218572504978328, 0.2440969014258161]"
traveler (traveler.432),432,202.5,0.976846207862574,1,,,3.4154143637877388,2.840947292681113,,,,,,1,,,,,,,,,"[-1.668540137490039, 1.741473128140229, -0.9390029034290862, 0.519063177942481]"
traveler (traveler.433),433,202.5,0.9980008654019424,1,,,3.0609230299870007,1.6745479530746634,,,,,,1,,,,,,,,,"[-1.4037347458058664, 2.7106417042446584, -1.1594594757811907, 0.33692947911566956]"
traveler (traveler.434),434,202.5,0.8118020692005437,2,,,2.046752534824905,1.8265095881375628,,,,,,2,,,,,,,,,"[0.12132041819713459, -0.1666979375597155, 1.3590859050892516, 0.876540494102041]"
traveler (traveler.435),435,202.5,0.6103776973348729,4,,,1.8904572470949892,2.5319149774369762,,,,,,4,,,,,,,,,"[0.7071559105269177, 1.0159787225309036, 2.064248352204503, 1.8572144739649012]"
traveler (traveler.436),436,202.5,0.9073714958362499,3,,,2.5980288849149367,3.4020606238931217,,,,,,3,,,,,,,,,"[-0.657352716174228, -0.31293616589274875, -0.8071353536897886, 0.42221689517842026]"
traveler (traveler.437),437,202.5,0.829590799408405,2,,,2.0457545374445534,3.1941771778234034,,,,,,2,,,,,,,,,"[2.4797308925964763, 0.3586613121338121, 1.3597461499496115, -1.3453285057227935]"
traveler (traveler.438),438,202.5,0.8358508276072503,2,,,2.5818621237697235,3.331832434270049,,,,,,2,,,,,,,,,"[-1.9339153886043865, 0.04056828413624421, 0.9863964083747099, -0.5275196091974328]"
traveler (traveler.439),439,202.5,0.9534594427033145,1,,,1.5590942099859764,2.34578844661245,,,,,,1,,,,,,,,,"[2.878104996362935, 0.9820369089217257, 0.056400499323072756, 0.05859810626045773]"
traveler (traveler.440),440,202.5,0.3311747482036688,4,,,2.8309795418339023,2.511369113210077,,,,,,4,,,,,,,,,"[-0.27679565830836067, -0.2626781643859537, 0.24765393878747977, -0.624946317434795]"
traveler (traveler.441),441,202.5,0.8991404066345484,2,,,3.351672074316445,2.2117151605226795,,,,,,2,,,,,,,,,"[3.0402464997821497, -0.5692322689917586, 1.0569604134008195, 0.8382714737959354]"
traveler (traveler.442),442,202.5,0.7294289822542802,2,,,1.7728877593259256,2.5580898408884205,,,,,,2,,,,,,,,,"[-1.4983102450961137, 0.10025536428138353, 1.2683168729470615, -0.7685175421020759]"
traveler (traveler.443),443,202.5,0.5196048760760319,4,,,1.9849078736521613,2.4316675141938284,,,,,,4,,,,,,,,,"[1.0281975760719824, 0.0016597112649777343, -1.1376298821137376, 2.1765224630412594]"
traveler (traveler.328),328,165.0,0.7085468752640262,,,,2.211222691600819,3.1470288560799586,SAV (sav.4),1,5.226748001278808,1.0,False,,,,,2.211222691600819,3.1470288560799586,,,,
traveler (traveler.316),316,165.0,1.3553207970967165,,,,3.6071336205710267,1.7182394169285786,SAV (sav.4),2,12.504285131808196,1.7225046150900463,False,,,,,3.6071336205710267,1.7182394169285786,182.76364747096483,"[2.0, 5.226748001278808, 12.504285131808196, 17.76364747096484]","[1.0020366005754635, 3.826928309313688, 5.743641361934179]",
traveler (traveler.444),444,202.5,0.8745197315098568,0,0.0,1.0717135995352631,3.3486859831746054,2.71099019589314,SAV (sav.4),,,,False,0,0.9418449640867621,0.9418449640867621,normal,,,,,,"[6.115599184821354, -0.6404297510918904, -0.07452836849513443, -0.06288096741324985]"
traveler (traveler.445),445,210.0,2.2964746737561654,2,,,1.0380678560080931,0.7289691325200698,,,,,,2,,,,,,,,,"[0.7955136565327601, -1.1123740751092512, 1.894316816584087, -0.698860197041743]"
traveler (traveler.446),446,210.0,1.8037670630171156,2,,,2.4993195281898934,4.3037669346629865,,,,,,2,,,,,,,,,"[-0.5570136826170949, 0.029326189282917914, 2.4024913442876534, 0.6429761039677193]"
traveler (traveler.447),447,210.0,0.6029940063846234,4,,,2.277955455170771,1.9393771393821335,,,,,,4,,,,,,,,,"[2.6802463120884656, 1.921256082321784, 0.17782249345422504, -0.24739831277547142]"
traveler (traveler.448),448,210.0,0.8733019851114147,3,,,2.0454134204228174,1.7543409633969054,,,,,,3,,,,,,,,,"[-0.5240311196702687, 0.3747096534551078, 0.6317013655855952, 2.0411159573874187]"
traveler (traveler.449),449,210.0,0.5488769527822506,4,,,2.9864992451578667,2.2458654022838394,,,,,,4,,,,,,,,,"[-1.8949918961853143, 3.438425851409944, 2.973222768767992, -0.02262265451867949]"
traveler (traveler.450),450,210.0,0.9041576946845299,3,,,3.3997785957949813,2.588879780639103,,,,,,3,,,,,,,,,"[-1.9291596974411656, -0.6002678720989968, 0.9479734998311083, 1.8866057563407892]"
traveler (traveler.451),451,210.0,0.2660701266401502,4,,,2.4137870215642048,2.2482846158067913,,,,,,4,,,,,,,,,"[2.1751592293799513, 0.8577059111755599, 0.7188760495762145, 1.2851481113877032]"
traveler (traveler.452),452,210.0,0.8259638110761531,3,,,3.098375708376741,3.069352903595017,,,,,,3,,,,,,,,,"[2.224574201455735, 0.3943760936185719, 0.4977076265562425, 0.8105128057683243]"
traveler (traveler.453),453,210.0,0.550799772483141,4,,,1.9887632201869339,2.704981326793068,,,,,,4,,,,,,,,,"[-0.14744573418752882, -0.7237933238830374, 0.3323603168895537, -1.0779003574392096]"
traveler (traveler.454),454,210.0,0.17737368416055638,4,,,2.617388491715973,2.367028702926768,,,,,,4,,,,,,,,,"[2.843509339867797, 0.7547258368822971, 1.2841202230381485, -0.7166306430381769]"
traveler (traveler.455),455,210.0,0.8762209480742574,2,,,3.3133712137463784,2.174131286415996,,,,,,2,,,,,,,,,"[-1.494408928771987, 0.12375494824228499, 0.6233791706539135, -0.07018029146231448]"
traveler (traveler.456),456,217.5,2.479445739003886,2,,,4.978595194142987,2.435061288619085,,,,,,2,,,,,,,,,"[1.2589220983374796, 0.7632750106174024, 2.933206567161358, -0.43180357741697284]"
traveler (traveler.457),457,217.5,2.845862418123024,1,,,0.41874375509604045,0.5590452488702125,,,,,,1,,,,,,,,,"[0.0705045842961132, 1.156900861092444, 1.9292359141647668, 0.22347233992508225]"
traveler (traveler.458),458,217.5,3.32579248892809,1,,,0.06101231069914448,0.2389748495761107,,,,,,1,,,,,,,,,"[-0.6502424099838547, 0.7504916287451617, 1.0768720127264146, 0.9170573160003818]"
traveler (traveler.459),459,217.5,2.3184320172418924,1,,,1.637081869579492,4.651859502561421,,,,,,1,,,,,,,,,"[6.489873467221889, 1.7672070150024586, 0.09553573875262784, 1.2293170016354662]"
traveler (traveler.460),460,217.5,1.018909787945198,2,,,3.163653357929395,3.2731373593867823,,,,,,2,,,,,,,,,"[2.737771374733228, -0.9453746337873168, 8.071291534980261, -0.3777684154779212]"
traveler (traveler.461),461,217.5,0.530629328200307,4,,,2.4559633559552108,3.0287988823055336,,,,,,4,,,,,,,,,"[2.046771330165831, -0.060866261228652484, 1.752788034817594, 0.7451406726247896]"
traveler (traveler.462),462,217.5,0.8537202313106396,2,,,2.100621554684542,1.745457031862002,,,,,,2,,,,,,,,,"[-1.8755857826484907, -1.3050661600604612, 0.4712657051881193, -0.24165115052177075]"
traveler (traveler.463),463,217.5,0.3570918632504937,4,,,2.4660730365418813,2.144523474825382,,,,,,4,,,,,,,,,"[2.9725069689341375, 2.8198745533594867, 0.09489527901736633, 0.9514045367423403]"
traveler (traveler.464),464,217.5,0.9800444585253696,1,,,1.664597388188685,1.9875650120599506,,,,,,1,,,,,,,,,"[-0.804387009748472, 0.7838751894789772, 0.2924425366424156, 0.5572465681660861]"
traveler (traveler.465),465,217.5,0.7138805124377342,3,,,2.279091655956448,3.1788408425914705,,,,,,3,,,,,,,,,"[0.4069713923482827, 0.2382242269454688, -0.24724706600154328, 1.5182642953180998]"
traveler (traveler.466),466,217.5,0.9617031564408753,3,,,2.5082812286272613,3.4616675009382223,,,,,,3,,,,,,,,,"[0.8031748600176338, 0.7236478331195924, 0.45232369902588093, 1.2715795735976028]"
traveler (traveler.467),467,217.5,0.9210833069539872,3,,,2.6581598664406587,3.407402840527164,,,,,,3,,,,,,,,,"[2.2808579778027225, -1.2239289467600272, -0.9417543571237549, 1.3070641333533901]"
traveler (traveler.468),468,217.5,0.8488756049481068,1,,,2.9055611450586216,1.754272200937397,,,,,,1,,,,,,,,,"[3.3391836979390934, 1.1812592749130697, 0.02637957107211942, 0.21144096643776375]"
traveler (traveler.469),469,217.5,0.7740914838149099,1,,,2.7662877178596665,1.7731516825142541,,,,,,1,,,,,,,,,"[5.028773613184575, 2.050095639411848, -0.36145323410072994, 2.4198051080015572]"
traveler (traveler.470),470,225.0,0.7839789630553542,1,,,3.1382817404123253,2.0447863860015154,,,,,,1,,,,,,,,,"[1.1119746277658156, 0.9770810540428138, -1.166184528828349, -0.47844120005344487]"
traveler (traveler.471),471,225.0,0.9679347301308086,2,,,2.809496226904317,1.582879654938681,,,,,,2,,,,,,,,,"[-0.46638485020856213, -0.2823202629334493, 0.29824804283315115, -0.9915951749415366]"
traveler (traveler.472),472,225.0,0.23177388017908085,4,,,2.430167066960726,2.7210033777940943,,,,,,4,,,,,,,,,"[2.1254975984890385, 0.8372382568636157, -0.33657796481057617, -0.9344998279484227]"
traveler (traveler.473),473,225.0,0.9386060446852112,2,,,2.575026732859498,1.5643973618698768,,,,,,2,,,,,,,,,"[1.7572459125398308, -0.051796072132040204, 1.1265180625054825, -0.027194190467655418]"
traveler (traveler.474),474,225.0,0.7753365601972482,3,,,1.9173584260153536,1.988457648045448,,,,,,3,,,,,,,,,"[1.1746740765849615, 0.7315410635144056, 0.8664976848976942, 1.1246944813557582]"
traveler (traveler.475),475,225.0,0.6640663689922244,4,,,2.780149592334631,3.102080018221214,,,,,,4,,,,,,,,,"[3.0162057909947766, -0.6986182149053904, -0.4685265440008221, 0.5371658127902621]"
traveler (traveler.476),476,225.0,0.9521831759090008,1,,,3.1333164998803174,1.78897045668728,,,,,,1,,,,,,,,,"[1.1467750908229233, 0.5261755351051203, -0.9758978368817388, -0.5952924532634146]"
traveler (traveler.477),477,225.0,0.5126199557091408,4,,,2.098528607466738,2.8187474548426152,,,,,,4,,,,,,,,,"[-0.01723492261748712, 0.20797050878406959, -0.650971151875479, 1.2123379089782136]"
traveler (traveler.478),478,225.0,0.38601141614928935,4,,,2.8775014154481524,2.580607038974405,,,,,,4,,,,,,,,,"[-0.6228064853866245, 0.6667862321188343, -1.0938770831494102, 0.8613579612758278]"
traveler (traveler.479),479,232.5,1.2626718334640257,1,,,3.748828474448725,2.3135392791243286,,,,,,1,,,,,,,,,"[0.6110993242424789, 1.3746379925686367, -1.0343343573716082, 0.10476172961870456]"
traveler (traveler.480),480,232.5,0.39353706731780114,4,,,2.3688652749327477,2.8710459637762304,,,,,,4,,,,,,,,,"[2.1844063183793776, 1.8757740814606572, 0.16643527205711747, 2.4068483432466894]"
traveler (traveler.481),481,232.5,0.7078613752532998,3,,,3.1116903125746234,2.8562340355410365,,,,,,3,,,,,,,,,"[0.22699394149045266, -0.4816625341919083, -0.007433371763094085, 0.6819190849644022]"
traveler (traveler.482),482,232.5,0.9236550754128825,2,,,3.0248621548310455,1.739961568891356,,,,,,2,,,,,,,,,"[1.276807147246721, 0.001159802237420863, 0.6152447108588965, -0.22320364505035561]"
traveler (traveler.483),483,232.5,0.2771794069887332,4,,,2.746556495857909,2.626642481059456,,,,,,4,,,,,,,,,"[2.49790310313035, -0.06330434300311556, 2.260739404287151, 0.7814074151734571]"
traveler (traveler.484),484,232.5,0.7181777804740606,2,,,1.8024068162221822,2.6707134274548308,,,,,,2,,,,,,,,,"[0.44976541773719747, -0.04819957773697066, 2.7309514259156242, -0.3914211379084448]"
traveler (traveler.485),485,232.5,0.7704760495675343,2,,,2.760842325959179,1.7750209493058444,,,,,,2,,,,,,,,,"[1.9004584471052255, -0.29094656295815857, 2.0037046377715684, 1.0900903561988375]"
traveler (traveler.486),486,232.5,0.8836495804011683,2,,,2.9652816997849785,3.2512320019730003,,,,,,2,,,,,,,,,"[1.2971262094368352, 0.13859305955958925, 2.072568193855134, 0.8338928683687526]"
traveler (traveler.487),487,232.5,0.8575912348103861,1,,,1.6706289235445937,2.281811220355392,,,,,,1,,,,,,,,,"[-1.0846102219315596, -0.030672271384865692, -1.1450540682612897, -0.2568848458088274]"
traveler (traveler.488),488,240.0,2.3309890266075537,1,,,0.2547325779356313,1.87367416979558,,,,,,1,,,,,,,,,"[-1.7664022704835896, 2.324529522945986, -0.14400247132600866, -0.17453356782057103]"
traveler (traveler.489),489,240.0,2.08352408323105,1,,,2.686744039165539,4.575138373516313,,,,,,1,,,,,,,,,"[-1.1355594006755738, -0.3003338891077371, -1.139485200945358, 0.8727919655143032]"
traveler (traveler.490),490,240.0,1.351347283296095,1,,,1.6174435553873128,3.523344322378519,,,,,,1,,,,,,,,,"[6.709618127371889, 2.7568290045390564, -0.3725729358279014, 3.363529926091157]"
traveler (traveler.491),491,240.0,2.173463713120862,1,,,1.3031331480028507,4.314236547654015,,,,,,1,,,,,,,,,"[-0.5069197879307404, 4.26279217162547, 0.7780334627063255, -0.6845892247969027]"
traveler (traveler.492),492,240.0,0.9483517736530386,1,,,3.2800228642257485,3.0393842951698944,,,,,,1,,,,,,,,,"[0.244246896854121, 0.878123271783191, -0.0865911188526897, -0.36442937857128993]"
traveler (traveler.493),493,240.0,0.7078601934038078,2,,,2.008060480392647,1.991019094214564,,,,,,2,,,,,,,,,"[1.2929357310311498, -0.605028310562758, 0.08618301924928416, 0.07802092208349697]"
traveler (traveler.494),494,240.0,0.9759316059651844,3,,,2.873784075767189,3.4015142617977,,,,,,3,,,,,,,,,"[-1.5680704448292908, 0.11421738113048531, 2.861661746624089, 4.325052328990272]"
traveler (traveler.495),495,240.0,0.9205089232884784,2,,,2.9497886065531147,3.3031356593183503,,,,,,2,,,,,,,,,"[2.6365740003963216, -1.1291333897493339, 1.0797220118836999, 0.5403371732327642]"
traveler (traveler.496),496,240.0,0.3511330902086042,4,,,2.176253070476271,2.6359498902662355,,,,,,4,,,,,,,,,"[0.2337313632752585, 0.19195367389103848, -1.1746303634271356, -0.9567246507333745]"
traveler (traveler.444),444,202.5,0.8745197315098568,,,,3.3486859831746054,2.71099019589314,SAV (sav.4),1,5.748350366364706,1,False,,,,,3.3486859831746054,2.71099019589314,210.9967007327294,"[2, 5.748350366364706, 8.496700732729412]","[1.2367576648641174, 2.473515329728235]",
traveler (traveler.497),497,240.0,0.7454454914131042,0,0.0,1.0,2.0169800105235565,1.932214238964818,SAV (sav.4),,,,False,0,-0.3266248778636882,-0.3266248778636882,normal,,,,,,"[4.181665018174423, 0.14227820535530653, -1.4857770810376856, 0.39032400944780793]"
traveler (traveler.498),498,240.0,0.7734413581656875,1,,,3.2167510816453166,2.7906534387917197,,,,,,1,,,,,,,,,"[2.7837873183372417, 1.427463535326326, -0.2746716332948626, -0.9648821710075708]"
traveler (traveler.499),499,240.0,0.16796732147607252,4,,,2.5821457339553664,2.646509724853951,,,,,,4,,,,,,,,,"[0.8207464007885299, 0.3924077951904871, 1.9847935942785924, 2.6712260733941937]"
traveler (traveler.500),500,240.0,0.12338064310054948,4,,,2.377951562050729,2.481917912563863,,,,,,4,,,,,,,,,"[0.5598720740668561, -0.1756126457299254, -0.6343970050556611, -0.9147328345388289]"
traveler (traveler.501),501,247.5,1.6553200093799507,2,,,2.3359395445000573,4.147169845642759,,,,,,2,,,,,,,,,"[5.007013155903091, 1.048313447327104, 1.9727231613718343, 1.8465124525806498]"
traveler (traveler.502),502,247.5,1.9335822720287634,1,,,0.8559477406983712,1.4822413982730853,,,,,,1,,,,,,,,,"[3.329159324342351, 2.038444421013582, -0.24934013414174305, 0.45983996958868456]"
traveler (traveler.503),503,247.5,2.3190655362873898,1,,,0.5152160988760224,1.3005426946176857,,,,,,1,,,,,,,,,"[-1.3553575156915691, 0.3241522595899504, -0.14917798387832598, 0.9046120032875615]"
traveler (traveler.504),504,247.5,0.6439418540695393,4,,,2.1419233105986466,3.0352029483568663,,,,,,4,,,,,,,,,"[1.4866240817846776, 0.678554739181793, -0.030700759230357325, -0.8928595617952626]"
traveler (traveler.505),505,247.5,0.2520491231474282,4,,,2.3048713331397748,2.659541730743836,,,,,,4,,,,,,,,,"[-0.8298127014581226, 1.4521436555002483, 1.0369221040631267, -0.42302708072884576]"
traveler (traveler.506),506,247.5,0.7383149404209494,3,,,2.4570404223112066,1.7629359417706012,,,,,,3,,,,,,,,,"[2.601396865634809, 0.49716011532689375, 1.6920993199998502, 2.2780977581148294]"
traveler (traveler.507),507,247.5,0.374851783839487,4,,,2.4531933002890804,2.8719179919146387,,,,,,4,,,,,,,,,"[-2.6526736621683167, -0.06287074604367661, 1.152428595204115, -0.35504396098703994]"
traveler (traveler.508),508,247.5,0.7312127670108235,2,,,1.9252923624724883,2.9520876485894867,,,,,,2,,,,,,,,,"[-0.7926425313493344, 0.27371648192443565, 0.9323602303069327, -0.5107149289411945]"
traveler (traveler.509),509,247.5,0.6792183196279428,4,,,2.9633947557834013,2.9965912061551716,,,,,,4,,,,,,,,,"[1.232681100557553, -0.38578015591509984, 0.9016998131068974, 1.3099838470006906]"
traveler (traveler.510),510,247.5,0.5978234027514194,4,,,2.0344438552113173,2.124966272281032,,,,,,4,,,,,,,,,"[2.3942302044601718, 0.6684722418115313, -0.1627725562982709, 2.281270225030439]"
traveler (traveler.511),511,255.0,2.1535444708665494,1,,,4.347463514465524,1.3933689184201536,,,,,,1,,,,,,,,,"[3.690057975719007, -0.21354476590737428, 0.24114504080551818, -0.21931122196278627]"
traveler (traveler.512),512,255.0,2.5402730436731624,2,,,3.071346503311745,4.97518692416673,,,,,,2,,,,,,,,,"[-0.20841990299543156, -0.019691436094674383, 1.31458059307506, -0.38732693319340633]"
traveler (traveler.513),513,255.0,1.0663259207848208,2,,,3.5238602604584686,2.202071927486662,,,,,,2,,,,,,,,,"[0.3809557514336527, -0.47917536015572054, 0.8366979689779748, -0.3552094904066902]"
traveler (traveler.514),514,255.0,1.3879551023870988,1,,,2.242482029093779,1.13614375357858,,,,,,1,,,,,,,,,"[-1.5959416313237875, 2.196859214129474, 1.376271854732189, -1.2915459886824472]"
traveler (traveler.515),515,255.0,0.579531403058025,4,,,3.0067041260550207,2.218739309946767,,,,,,4,,,,,,,,,"[3.0554089580299717, -0.2887288411530969, 0.37907117485544417, 1.3845340534306745]"
traveler (traveler.516),516,255.0,0.6700280389055246,4,,,1.916405722061787,2.1708263502687997,,,,,,4,,,,,,,,,"[2.3683420323328477, 2.3641007064076045, -1.4379909399178301, 0.6320158360770843]"
traveler (traveler.517),517,255.0,0.4431743784857201,4,,,2.9143899579356805,2.3428870071946015,,,,,,4,,,,,,,,,"[6.426337742536447, 0.5962132226818098, 0.9634418810281449, -0.18125742645701148]"
traveler (traveler.518),518,255.0,0.9403323951330754,1,,,3.1060295748021893,1.7810054466118788,,,,,,1,,,,,,,,,"[-1.7983305725473684, 0.6638650422078812, 0.39097103459117644, -0.2490342107940917]"
traveler (traveler.519),519,255.0,0.5970731288177278,4,,,2.741392158735777,3.0461008577699475,,,,,,4,,,,,,,,,"[1.3477911835618246, -1.3226410400029196, 0.7814072112187013, 1.174395797448366]"
traveler (traveler.520),520,255.0,0.6968632091882067,4,,,3.0786529590857343,2.8883028267491877,,,,,,4,,,,,,,,,"[0.5707414280783772, 1.1153981046496058, -0.25867317959895225, 1.826226977861818]"
traveler (traveler.521),521,255.0,0.7067182983071394,2,,,3.1930541273417106,2.361700579405556,,,,,,2,,,,,,,,,"[-1.322606977211052, 0.1709010157631765, 1.861972679133622, 0.6796902944648026]"
traveler (traveler.522),522,255.0,0.526660704219889,4,,,2.884360326132202,2.860053658591239,,,,,,4,,,,,,,,,"[-1.8027395873289507, -0.7985378645258875, -0.8214660221480855, 2.1349357946992162]"
traveler (traveler.523),523,262.5,1.529150239106674,2,,,1.0051602077015953,2.1778906255303014,,,,,,2,,,,,,,,,"[4.359847097511887, 0.06045646340451802, 1.541793822929252, 0.14563799526486707]"
traveler (traveler.524),524,262.5,2.6509231765788828,1,,,3.475226859041757,0.03497946022216203,,,,,,1,,,,,,,,,"[-0.9159928738568927, -0.6928921677486417, -0.20853049672023893, 0.0023790359366002234]"
traveler (traveler.525),525,262.5,1.7227257311178759,1,,,4.203866477838824,2.7542104843485795,,,,,,1,,,,,,,,,"[0.09430586835021826, 0.26586853283409967, -0.010794579651088723, -1.1704671393161483]"
traveler (traveler.526),526,262.5,0.3771295730199657,4,,,2.5460926198808034,2.8743022645386285,,,,,,4,,,,,,,,,"[2.1637744289249707, 1.0548323480295791, 0.4634757990589368, -0.6565700024764952]"
traveler (traveler.527),527,262.5,0.37538743142055664,4,,,2.4363613030987867,2.8699538348567812,,,,,,4,,,,,,,,,"[3.8946214548844864, -0.948542923888652, 1.6039463880942821, 2.028159992751354]"
traveler (traveler.528),528,262.5,0.7018511957312898,3,,,1.9982873176114098,2.0092052513729524,,,,,,3,,,,,,,,,"[0.7228216633871805, 0.0238070283994039, 0.08573031885144283, 3.8483941790483236]"
traveler (traveler.529),529,262.5,0.8976791211889705,1,,,2.19553738801746,3.3444704391056987,,,,,,1,,,,,,,,,"[-1.2137348253731626, 1.081216671731324, 0.48566718129647696, 1.3958796580686184]"
traveler (traveler.530),530,262.5,0.6161905091232254,4,,,2.641346656354501,1.9002401595047045,,,,,,4,,,,,,,,,"[1.1680264965947305, 0.5820968376150488, -0.8219686025669312, 0.8381143380294775]"
traveler (traveler.531),531,262.5,0.9627826088412242,2,,,3.113881141852973,1.758312535117113,,,,,,2,,,,,,,,,"[3.6678654110676225, -0.5475235803894065, 3.298589131277961, -0.05256156852005449]"
traveler (traveler.532),532,262.5,0.49198783930574297,4,,,2.046924310919544,2.6917666654791796,,,,,,4,,,,,,,,,"[4.939000022713631, 3.5306276586609657, 2.2631128080589256, 1.8178679608938464]"
traveler (traveler.533),533,262.5,0.8215489200505055,3,,,3.1049817843046874,1.9441765849699486,,,,,,3,,,,,,,,,"[-1.0020759663015169, -0.5431580009035494, -0.38671274199570954, 0.4388202981428978]"
traveler (traveler.534),534,270.0,2.8898379027396794,3,,,0.16734851204544765,0.7941570588549834,,,,,,3,,,,,,,,,"[-2.2969657138750823, -1.2449213649335236, -0.5620347215675875, 0.6148474293384292]"
traveler (traveler.535),535,270.0,1.7588643764341276,2,,,0.8326571609272915,1.940025222280527,,,,,,2,,,,,,,,,"[2.100167777182064, 0.6919502624435871, 2.63013915320693, -0.5032795181842046]"
traveler (traveler.536),536,270.0,1.5745488781232266,1,,,3.7049873104564144,3.5135135673675655,,,,,,1,,,,,,,,,"[-2.403957532477378, 1.677688450652978, -0.5125145626249547, -0.046941197496592306]"
traveler (traveler.537),537,270.0,0.7247480652911391,3,,,2.223549975284551,3.169951596742688,,,,,,3,,,,,,,,,"[-0.10409416747841753, 1.6760797620779253, 0.5516536172951574, 2.4714152334579285]"
traveler (traveler.497),497,240.0,0.7454454914131042,,,,2.0169800105235565,1.932214238964818,SAV (sav.4),1,5.342709164369531,1,False,,,,,2.0169800105235565,1.932214238964818,247.68541832873905,"[2, 5.342709164369531, 7.68541832873906]","[1.0542191239662886, 2.108438247932577]",
traveler (traveler.538),538,270.0,0.7588930101391489,0,0.0,1.0,1.8519338296969239,2.894878259399986,SAV (sav.4),,,,False,0,2.8013805607686253,2.8013805607686253,normal,,,,,,"[7.376426681357011, 0.09581434054358283, -0.03191991322836665, 1.09971938430989]"
traveler (traveler.539),539,270.0,0.6153236500915462,4,,,3.0300238042618317,2.8125667309196536,,,,,,4,,,,,,,,,"[-3.17364172879215, 0.3023959291283885, -0.6792468702736288, 1.4098513713429193]"
traveler (traveler.540),540,270.0,0.7657098099037307,1,,,1.8034374770386135,2.8179813903178537,,,,,,1,,,,,,,,,"[1.3781775501918387, -0.3662235803243462, -1.1837655620266403, -0.5036180305600837]"
traveler (traveler.541),541,270.0,0.976480392614726,1,,,2.7571454061498226,3.4420139050231966,,,,,,1,,,,,,,,,"[3.1842523678539796, 0.24959428356695587, 0.3122128686124161, 0.4035447015599225]"
traveler (traveler.542),542,270.0,0.8716515059256904,1,,,2.2688180672192484,3.3404351621263118,,,,,,1,,,,,,,,,"[2.697523620506663, 1.4273552392342501, 0.7170617721183051, 0.26177990610893487]"
traveler (traveler.543),543,277.5,2.6808757023623677,1,,,1.360029857520767,4.926430012543695,,,,,,1,,,,,,,,,"[0.9249402686213504, -0.03962661683877022, 0.22816468328935546, 1.3507108533104548]"
traveler (traveler.544),544,277.5,1.9559203173373627,1,,,2.7602133901664545,0.5614662037118956,,,,,,1,,,,,,,,,"[0.4536969805938276, 0.878690853761518, 0.29783427346456726, -0.33277976075783205]"
traveler (traveler.545),545,277.5,1.9610971383650628,2,,,3.150576911250327,0.649959008926661,,,,,,2,,,,,,,,,"[-1.735619408776225, -0.548816393885728, 0.8058375518226033, -1.0154214314701826]"
traveler (traveler.546),546,277.5,0.4975031394582624,4,,,2.993471547858361,2.563207635813252,,,,,,4,,,,,,,,,"[1.3406168213891874, -0.7057740616431631, -0.699698835060445, -1.2139065060441676]"
traveler (traveler.334),334,172.5,1.053845061273098,,,,2.1714497808195006,1.498678789475552,SAV (sav.3),1,6.311915507316268,1,False,,,,,2.1714497808195006,1.498678789475552,182.12383101463254,"[2, 6.311915507316268, 9.623831014632536]","[1.4903619782923208, 2.9807239565846415]",
traveler (traveler.547),547,277.5,0.7521567503421521,0,0.0,1.0,2.3288536039779784,1.767573424694366,SAV (sav.3),,,,False,0,2.754868341105688,2.754868341105688,normal,,,,,,"[7.296474294716178, 0.09366596617732562, 1.5627610447077218, 0.9035751601292737]"
traveler (traveler.548),548,277.5,0.34635665250445474,4,,,2.425737331163452,2.8383016209706433,,,,,,4,,,,,,,,,"[0.06406239928734375, -0.05944261368601834, 0.03241789261960734, 0.02084171388774699]"
traveler (traveler.549),549,277.5,0.6792273284786091,4,,,1.8267944414783028,2.409755666506544,,,,,,4,,,,,,,,,"[1.1994446258569986, 1.9272317744525824, 0.4497286479650736, 0.4220117863398608]"
traveler (traveler.550),550,277.5,0.6263882717300857,4,,,1.8771402126374628,2.5663924110700806,,,,,,4,,,,,,,,,"[1.5081995545236688, 1.1012968652053732, 0.859918921556325, 2.0755974387454]"
traveler (traveler.551),551,277.5,0.4124974969516084,4,,,2.2615987900077634,2.1633710528406986,,,,,,4,,,,,,,,,"[-1.8020097372949124, -1.2789708505551518, 0.8736446879294045, 0.83217466449328]"
traveler (traveler.552),552,277.5,0.6807013210656611,4,,,2.9602552605286148,1.99848291788188,,,,,,4,,,,,,,,,"[0.9394866528428327, 1.486904373634691, 1.7550267716729833, -0.7697514232277863]"
traveler (traveler.553),553,277.5,0.4085206074710898,4,,,2.297299746284291,2.8546853448792824,,,,,,4,,,,,,,,,"[-0.8223356715368093, 2.2561929595044687, 0.8142659664055307, 1.1232251724247944]"
traveler (traveler.554),554,277.5,0.4438117191161349,4,,,2.9139086310248024,2.6601514507832915,,,,,,4,,,,,,,,,"[2.81975991949667, 0.891527976040092, 0.6662883041648301, -0.017749269839679654]"
traveler (traveler.555),555,285.0,2.418106496651211,1,,,0.7808768921873904,0.7994545671075098,,,,,,1,,,,,,,,,"[1.2351947448707463, 2.987567972837732, 0.4850166008442644, -0.845754075170152]"
traveler (traveler.556),556,285.0,0.8911258719217375,2,,,1.7136483062617314,2.0807669700951115,,,,,,2,,,,,,,,,"[-0.8894078421691767, -0.10734143828994422, 1.0553393826594508, -0.09192296674753572]"
traveler (traveler.557),557,285.0,0.23903445953235777,4,,,2.2692856989473453,2.5625170707384104,,,,,,4,,,,,,,,,"[-1.1906922690256911, 1.2684616416598593, 1.0714736949865236, 1.2129263557934862]"
traveler (traveler.558),558,285.0,0.6411352700235801,4,,,2.227761176856679,1.9195342752222586,,,,,,4,,,,,,,,,"[2.2709321106169718, 0.19333379615304983, 2.1159492530497874, -0.11936514686752511]"
traveler (traveler.559),559,285.0,0.8146057679126658,1,,,2.1078134106951953,1.7860166414502028,,,,,,1,,,,,,,,,"[1.093091812061583, 0.8383203797797995, 0.08222829662820624, 0.9174514816977986]"
traveler (traveler.560),560,285.0,0.921024378112906,3,,,3.4191469836075834,2.558776930877225,,,,,,3,,,,,,,,,"[1.8028512721150585, -1.3549418001828617, -0.8325293400873602, 0.47131032489857233]"
traveler (traveler.561),561,292.5,2.852275996154248,1,,,0.6645266618847828,4.683235210256991,,,,,,1,,,,,,,,,"[0.8042959532394669, 3.2735403130390637, 2.666152076363304, -0.5738654902942472]"
traveler (traveler.562),562,292.5,2.674926096907922,2,,,0.30612875704305764,4.030411249712184,,,,,,2,,,,,,,,,"[-1.4379379755723758, -0.8256432615231615, 1.768222132390382, 1.5664049934039634]"
traveler (traveler.563),563,292.5,1.3649089553738036,1,,,1.3495628340398436,1.7655132515578165,,,,,,1,,,,,,,,,"[1.7344467639036694, 2.558823013881425, -0.8513716555889467, 0.12247276999081401]"
traveler (traveler.564),564,292.5,0.5763010971097291,4,,,2.6538181222270643,3.0553944002278177,,,,,,4,,,,,,,,,"[-1.7039513329457106, 0.9105950620833331, -1.3210213391165906, -1.2237179102775961]"
traveler (traveler.565),565,292.5,0.7377601867629825,1,,,3.221470015094016,2.3458211736560717,,,,,,1,,,,,,,,,"[-1.1762475399330834, 3.1375326787903832, 3.3724469597448734, -0.12712221744135824]"
traveler (traveler.566),566,292.5,0.6935605953687923,4,,,3.0639230726377775,2.0962462785371736,,,,,,4,,,,,,,,,"[2.0257963923424893, -0.944476921135892, -0.017273019761200183, -0.15406389628086034]"
traveler (traveler.567),567,292.5,0.967398138648825,1,,,1.8575260861096496,3.2232471421524083,,,,,,1,,,,,,,,,"[2.974811173264387, 0.8965099223664523, -0.44020604415213105, -0.9398789199460285]"
traveler (traveler.568),568,292.5,0.3900063891521685,4,,,2.8271499781390643,2.28768449095009,,,,,,4,,,,,,,,,"[-0.5936437253353385, 0.003350004590553172, 0.5324876596250384, 0.32127004218847005]"
traveler (traveler.569),569,292.5,0.9985934935263366,3,,,2.1795730950993315,1.554211670653041,,,,,,3,,,,,,,,,"[2.213851608891095, 0.47128926265552257, -0.7696068301506721, 1.1917508120537805]"
traveler (traveler.570),570,300.0,1.2299056721752522,1,,,1.8062369392839055,1.4844406575513691,,,,,,1,,,,,,,,,"[5.647863223610177, 1.9473503184675285, 0.9881389241096377, 0.4175011481401652]"
traveler (traveler.571),571,300.0,2.3097692777477663,1,,,2.9429563107503656,4.766897400235367,,,,,,1,,,,,,,,,"[-0.8534699754935132, -0.4346777260446184, 0.35874377962559584, 0.6363985396753776]"
traveler (traveler.572),572,300.0,1.647987667893662,1,,,1.16743035334121,3.4695986233144405,,,,,,1,,,,,,,,,"[3.529640466222032, 1.192688891417672, 1.005436377139088, -1.9569920456854415]"
traveler (traveler.573),573,300.0,2.2761378774902052,1,,,4.239885339630154,3.967515806485804,,,,,,1,,,,,,,,,"[2.117761723832495, 0.30335306238235527, 1.093348744086655, 0.03732500363267055]"
traveler (traveler.574),574,300.0,0.8673409043427606,1,,,2.0448618697181216,3.238328874357243,,,,,,1,,,,,,,,,"[-0.4424463954450782, 1.6550570565347698, 0.6036196174784413, 0.7242532727613789]"
traveler (traveler.575),575,300.0,0.6858928250159186,4,,,1.8551451402997488,2.7336903449637724,,,,,,4,,,,,,,,,"[-2.480060933775122, 0.02275475951420519, -0.1221895819959053, -0.3419046921079428]"
traveler (traveler.576),576,300.0,0.47611210130538034,4,,,2.041058731366099,2.626710871491479,,,,,,4,,,,,,,,,"[1.4085627607341418, 2.012052750291519, 0.5234624298178803, -0.14698300955666344]"
traveler (traveler.538),538,270.0,0.7588930101391489,,,,1.8519338296969239,2.894878259399986,SAV (sav.4),1,5.384970638508728,1,False,,,,,1.8519338296969239,2.894878259399986,277.76994127701744,"[2, 5.384970638508728, 7.7699412770174545]","[1.0732367873289272, 2.1464735746578545]",
traveler (traveler.577),577,300.0,0.8887905039079279,0,0.0,1.0,2.739899640312653,3.3558018008947914,SAV (sav.4),,,,False,0,-1.3416625559019617,-1.3416625559019617,normal,,,,,,"[3.8782212064256387, -0.15276367443870706, 0.06076714180436036, 0.7616237707151732]"
traveler (traveler.578),578,300.0,0.3408172534377229,4,,,2.7658336019353076,2.713281261068415,,,,,,4,,,,,,,,,"[-0.9364167091660276, 2.5454025328167615, 1.632334649659275, -0.8429371722539655]"
traveler (traveler.579),579,300.0,0.46314179143877393,4,,,2.733323106226498,2.900075801665053,,,,,,4,,,,,,,,,"[-1.3552543449006715, 0.3220075915151281, -0.6091869715381449, 4.111077392695488]"
traveler (traveler.580),580,300.0,0.49713589638703437,4,,,2.1214740565547716,2.1777233957988265,,,,,,4,,,,,,,,,"[-0.16918043201742, 0.3650617071241376, -0.3074005143356042, -0.3161126108598355]"
traveler (traveler.581),581,300.0,0.9385184780630039,2,,,2.9891218032651605,3.3009848907665704,,,,,,2,,,,,,,,,"[-0.8537425795033604, -0.8577733723733454, -0.046109749735997095, -0.7870864129892089]"
traveler (traveler.582),582,300.0,0.6270223345425442,4,,,3.057939625591191,2.2138874658279653,,,,,,4,,,,,,,,,"[3.1262903244116824, -1.1539983484074496, -0.7737677636342163, 0.06926153032070301]"
traveler (traveler.583),583,300.0,0.3586327354891515,4,,,2.8172083548053015,2.6673209449117046,,,,,,4,,,,,,,,,"[2.6522287837163034, 1.6358593018290128, 0.8955590408356751, 6.749196719220756]"
traveler (traveler.584),584,300.0,0.8055613553278566,2,,,1.7691579170324536,2.8388199329456745,,,,,,2,,,,,,,,,"[0.10306635878810208, -0.6540442610510642, 0.439655365381996, 0.4015917357610967]"
traveler (traveler.585),585,307.5,2.3381367473669394,3,,,3.348674056733305,0.3213224665372144,,,,,,3,,,,,,,,,"[-0.009452474005711396, -1.4616635137818546, 0.6537203402902276, 4.2897300031545695]"
traveler (traveler.586),586,307.5,1.5899614975455336,2,,,2.3283534529181615,4.08066917049461,,,,,,2,,,,,,,,,"[-0.6247450979531155, 1.5444631927371084, 2.2815577391351707, 0.31491474029010597]"
traveler (traveler.587),587,307.5,2.840042712550601,1,,,4.9184831125187785,3.9888861754926923,,,,,,1,,,,,,,,,"[4.581823366620529, 1.126693665491646, -0.11566067102258823, 1.0252526431647144]"
traveler (traveler.588),588,315.0,1.3636775811444906,2,,,1.810614151723372,3.676589859514352,,,,,,2,,,,,,,,,"[-1.399787300648517, -1.2495778882670707, 0.7394445233993047, 0.37134210134483714]"
traveler (traveler.589),589,315.0,2.4692805581112385,1,,,4.808002433218753,1.622235086755877,,,,,,1,,,,,,,,,"[1.7545983999542163, 2.3767607953344387, -0.35985666167538566, 1.1601080934303718]"
traveler (traveler.590),590,315.0,1.7794792240868558,1,,,1.7332664756781164,0.8941774657087098,,,,,,1,,,,,,,,,"[2.0065560187972062, 1.8741477697911075, -0.42374573831613815, 0.40291214303977985]"
traveler (traveler.591),591,315.0,1.1403768479511855,1,,,3.117772113834343,1.5414505903649363,,,,,,1,,,,,,,,,"[0.005863113818411158, 0.37657081318707725, -0.15592758707112228, -0.5755097552449309]"
traveler (traveler.592),592,315.0,2.3919533951974943,1,,,4.083381954547672,0.7071412128085452,,,,,,1,,,,,,,,,"[-0.5556985951300482, -0.09576572727174656, 0.010164648974313982, 0.640427363783608]"
traveler (traveler.593),593,315.0,0.6346372033693352,4,,,3.1329458982432365,2.4536980583829,,,,,,4,,,,,,,,,"[-2.6360020507642403, 1.256990949421826, 1.887475201045727, 0.3203700925193237]"
traveler (traveler.594),594,315.0,0.6390173646802663,4,,,1.9116665238075101,2.7494131374931428,,,,,,4,,,,,,,,,"[0.8398754272083536, 0.049159484482771985, 0.2351135814869335, 0.6527503613001433]"
traveler (traveler.595),595,315.0,0.27439163088149143,4,,,2.6784930149852135,2.2915989186705286,,,,,,4,,,,,,,,,"[3.18514778767958, -0.73617705398028, 0.485331419602291, -0.32409301548915986]"
traveler (traveler.596),596,315.0,0.8880945332421445,1,,,3.342273584744113,2.2184203338007453,,,,,,1,,,,,,,,,"[1.4667166807279408, 0.49736807241344955, -1.322090215189606, 0.6996896975670308]"
traveler (traveler.597),597,315.0,0.11108385104866349,4,,,2.55798108344134,2.594751337334995,,,,,,4,,,,,,,,,"[-0.7536855342229911, -0.8274222801939444, 1.0256146134815427, 0.1393907077977368]"
traveler (traveler.598),598,315.0,0.8035459489643512,3,,,1.7005323042278997,2.580854780402076,,,,,,3,,,,,,,,,"[-0.8473773433520198, 1.1055803359199203, 0.9268500019492012, 3.003769418341371]"
traveler (traveler.599),599,315.0,0.3452146105907332,4,,,2.7229573002605,2.2364413355135886,,,,,,4,,,,,,,,,"[0.6313342433303283, 0.2692512130126833, -0.1174669190697165, 0.3584824307030958]"
traveler (traveler.600),600,315.0,0.9707120386323354,1,,,1.8269732854081784,3.1995119036810475,,,,,,1,,,,,,,,,"[1.2143884687903679, 0.8518741199387285, -0.7682745560104666, -0.18583854623962587]"
traveler (traveler.601),601,322.5,2.1791534783053113,2,,,0.7236503578593484,3.7622566422391746,,,,,,2,,,,,,,,,"[-2.4657206194115715, 0.3447938497490667, 3.0346005259190614, 0.39397893799221595]"
traveler (traveler.602),602,322.5,2.6958531756843334,3,,,4.738715030388691,4.001925217032815,,,,,,3,,,,,,,,,"[-1.6676399084929534, 0.7204386626645108, -0.1520692126956796, 2.4608110765981728]"
traveler (traveler.603),603,322.5,2.4552752166481633,3,,,4.218134442487908,0.7460357965387515,,,,,,3,,,,,,,,,"[0.8230445220672159, -0.6038966768002848, -0.5055828068601845, 1.5469007477398073]"
traveler (traveler.604),604,322.5,1.9527872446913357,1,,,3.0601559115287484,0.6292773113556954,,,,,,1,,,,,,,,,"[-1.2652316866626354, -0.011273453747620756, -1.277600109268951, -0.25737498679517445]"
traveler (traveler.605),605,322.5,0.38521669143391446,4,,,2.781986741434764,2.237558812275407,,,,,,4,,,,,,,,,"[5.008340502647796, 1.0716670471470946, 0.5298797360701806, 0.06919047308115228]"
traveler (traveler.606),606,322.5,0.15175529162266116,4,,,2.413713052547927,2.624836818426625,,,,,,4,,,,,,,,,"[-0.9227179132854614, 1.4855561155782377, -0.0007245386780377391, -0.9603312306300004]"
traveler (traveler.607),607,322.5,0.37832263782618,4,,,2.3617684630940152,2.8521648200720344,,,,,,4,,,,,,,,,"[-0.4470969592586528, -0.19874291787338227, 2.2100435827679936, 2.002785505365045]"
traveler (traveler.608),608,322.5,0.9385250356345903,2,,,1.691394243295275,2.0235695509973275,,,,,,2,,,,,,,,,"[-1.9862276770377512, 0.5856514581301687, 1.563828522837969, 0.6796650257033922]"
traveler (traveler.609),609,322.5,0.859454992209906,3,,,2.0966750336585926,3.2589412725370996,,,,,,3,,,,,,,,,"[1.683615126218578, -0.4387083523072119, 1.0487013560269514, 4.823681977239181]"
traveler (traveler.610),610,330.0,2.4370975684144423,1,,,3.9050292441609114,0.5086845099220955,,,,,,1,,,,,,,,,"[1.684999249556483, 1.611331048448365, 0.31322550782603825, 1.868025294202116]"
traveler (traveler.611),611,330.0,1.6584577115796801,2,,,3.909385635973317,3.3741362080420867,,,,,,2,,,,,,,,,"[-0.13384330340754566, -0.9243637941666857, 2.359230060282672, 0.3464975960746386]"
traveler (traveler.612),612,330.0,0.9309850188414077,1,,,3.4144996111195187,2.325576473578289,,,,,,1,,,,,,,,,"[0.07113717458050667, 0.8750101390125051, -1.4304950797521307, 0.9121184152644117]"
traveler (traveler.577),577,300.0,0.8887905039079279,,,,2.739899640312653,3.3558018008947914,SAV (sav.4),1,5.793199077188909,1,False,,,,,2.739899640312653,3.3558018008947914,308.58639815437783,"[2, 5.793199077188909, 8.586398154377818]","[1.256939584735009, 2.513879169470018]",
traveler (traveler.613),613,330.0,0.76383462670493,0,0.0,1.0,3.235528664486102,2.706011943034259,SAV (sav.4),,,,False,0,2.0182941750100927,2.0182941750100927,normal,,,,,,"[6.617871487696225, 0.9115766108396558, 2.9736839352560316, 0.1405194729426211]"
traveler (traveler.614),614,330.0,0.4449450022131305,4,,,2.756223296059366,2.8637659653553604,,,,,,4,,,,,,,,,"[1.9106971044720393, -0.12566080789948536, -1.3684102702362817, 0.3554154683264081]"
traveler (traveler.547),547,277.5,0.7521567503421521,,,,2.3288536039779784,1.767573424694366,SAV (sav.3),1,5.3638006163652125,1,False,,,,,2.3288536039779784,1.767573424694366,285.2276012327304,"[2, 5.3638006163652125, 7.727601232730425]","[1.0637102773643456, 2.1274205547286913]",
traveler (traveler.615),615,330.0,0.7745393735759497,0,0.0,1.0,1.7911040227141695,2.81205405718784,SAV (sav.3),,,,False,0,2.463515785109176,2.463515785109176,normal,,,,,,"[7.11623364367844, -1.9559563989384405, -0.5298928738525078, -0.13538164666546895]"
traveler (traveler.616),616,330.0,0.4377747663961966,4,,,2.5625965862200664,2.066723629207825,,,,,,4,,,,,,,,,"[-0.9135770709606803, -0.4831749449921124, 1.8482582927308133, -0.9615511038995436]"
traveler (traveler.617),617,330.0,0.4913157771456197,4,,,2.205521764670431,2.893285852516191,,,,,,4,,,,,,,,,"[-1.1139943993759718, 0.2014437575764186, 0.23626438143854625, 0.8060896113964346]"
traveler (traveler.618),618,330.0,0.48279915629189313,4,,,2.434980116228551,2.978400919763446,,,,,,4,,,,,,,,,"[-1.6383845147137344, 0.8017513275514472, 0.5656635293022015, 1.9744001372196]"
traveler (traveler.619),619,330.0,0.36954931451918716,4,,,2.8616811354674683,2.424148486445134,,,,,,4,,,,,,,,,"[-2.5952146127273794, 2.2195764047855246, 1.7262091301808995, 4.395896256148948]"
traveler (traveler.620),620,330.0,0.8742442574756842,1,,,1.7663867460686342,2.975515105317848,,,,,,1,,,,,,,,,"[2.9630488428492208, 0.237531258230483, -0.9291693405587205, -0.7082617732408171]"
traveler (traveler.621),621,330.0,0.7029043911168857,1,,,3.101625163362088,2.8634855511033974,,,,,,1,,,,,,,,,"[0.5324478701373718, 1.2581083208380544, 0.18274813471646756, -0.9833873593388983]"
traveler (traveler.622),622,337.5,3.1604183816956777,1,,,0.05577611909610314,4.503500428594668,,,,,,1,,,,,,,,,"[5.798128260651006, 0.8343448097393904, 0.5687313792273905, 0.02981175050130315]"
traveler (traveler.623),623,337.5,2.7242908760177413,1,,,4.938089800674386,3.715515899114876,,,,,,1,,,,,,,,,"[-2.9615100530600085, 1.1996459219330338, -0.1344720785730312, -1.1039738510984922]"
traveler (traveler.624),624,337.5,0.259168839996824,4,,,2.3300065090535385,2.6956289872721695,,,,,,4,,,,,,,,,"[-1.6214796318593911, 0.8826452655418059, -0.08085147252680766, 3.592033044696215]"
traveler (traveler.625),625,337.5,0.6863482486628856,4,,,2.1070678060126147,1.9372583102604979,,,,,,4,,,,,,,,,"[2.1620221336476666, 3.7912823740797443, 0.5204739260436011, 0.014097120894476609]"
traveler (traveler.626),626,337.5,0.6680314760197017,4,,,3.1676491648863108,2.5225974684350514,,,,,,4,,,,,,,,,"[-1.1396161811101537, 0.6629033358247336, 1.1653067608082017, 0.4822870665689272]"
traveler (traveler.627),627,337.5,0.5487586922675239,4,,,2.479189002607143,3.0483639345605047,,,,,,4,,,,,,,,,"[1.8059181642519802, 1.1869982586669596, 2.7969752114832422, -0.283047015743027]"
traveler (traveler.628),628,337.5,0.426659650720134,4,,,2.74424776358261,2.849830655514236,,,,,,4,,,,,,,,,"[-1.0108677171536258, -0.37793972673623033, -0.780644663862508, 1.1593607479072108]"
traveler (traveler.629),629,337.5,0.9191862405539775,2,,,3.3702001663742633,2.796065896830349,,,,,,2,,,,,,,,,"[-1.8509239620404172, 0.3301494834081605, 1.7514786833841158, -0.8915061224786917]"
traveler (traveler.630),630,337.5,0.6500870487258468,4,,,1.8783765529189338,2.6902563033387707,,,,,,4,,,,,,,,,"[0.8484547833357419, -0.3881298955880127, 1.6143206630193216, 3.909434353294068]"
traveler (traveler.631),631,337.5,0.7324291266429442,1,,,2.2197816442467513,1.8232946736917968,,,,,,1,,,,,,,,,"[-1.513478403839852, 0.6568896263817646, -0.9094976995018054, -0.20373901230495547]"
traveler (traveler.632),632,345.0,2.784266639133442,1,,,1.2496200269173134,4.9877079090410055,,,,,,1,,,,,,,,,"[1.6701199957201993, -0.5411121022272475, -1.5766413952456502, -0.6515315935482086]"
traveler (traveler.633),633,345.0,0.9123242824779619,2,,,2.1529355518060793,1.6562690800979394,,,,,,2,,,,,,,,,"[1.1971127068633676, -0.1028113082002859, 1.201718619594634, 0.6154027146669107]"
traveler (traveler.634),634,345.0,0.6239097343476101,4,,,1.9650400957475451,2.821062700194074,,,,,,4,,,,,,,,,"[6.329807060013387, 2.6171412723217564, -0.19606308087471358, 0.053269893554129824]"
traveler (traveler.635),635,345.0,0.9746252522045931,1,,,3.473372618588881,2.5493976478821803,,,,,,1,,,,,,,,,"[-1.1343805928392465, -0.44465757471687256, -0.8249002491630436, 0.034935555885221035]"
traveler (traveler.636),636,345.0,0.5391646982735783,4,,,3.0104545967979712,2.673593422894588,,,,,,4,,,,,,,,,"[2.9744018133850396, 0.41994151466521074, -0.6310726007673995, -0.5620894464731652]"
traveler (traveler.637),637,345.0,0.7472969961070117,3,,,2.210169016565633,3.188803891853139,,,,,,3,,,,,,,,,"[0.2783881478946883, 0.6963967102267256, 0.567089845407912, 2.329851553376403]"
traveler (traveler.638),638,352.5,1.516327766824988,1,,,0.9836871512029727,2.4932738556737344,,,,,,1,,,,,,,,,"[4.9874712956083815, 1.8971151619077486, 0.8799653896174294, 2.2549680673550023]"
traveler (traveler.639),639,352.5,2.497025072407662,2,,,1.0114363422759831,0.49517770135710404,,,,,,2,,,,,,,,,"[6.7606012454057245, -1.0646718643840787, 1.6632006163778448, -0.43167034352076716]"
traveler (traveler.640),640,352.5,2.6265972496800623,1,,,3.6237804877563553,4.874053606674659,,,,,,1,,,,,,,,,"[3.515644715953853, 3.1071294040688007, 0.7712241100922426, 0.009090497838701469]"
traveler (traveler.641),641,352.5,1.5949021393840266,1,,,1.1510046630918018,3.3508374787300346,,,,,,1,,,,,,,,,"[1.528005275296562, 0.29631569939345215, 0.26158280553506597, -0.33710750710117515]"
traveler (traveler.613),613,330.0,0.76383462670493,,,,3.235528664486102,2.706011943034259,SAV (sav.4),1,5.400500641102894,1,False,,,,,3.235528664486102,2.706011943034259,337.8010012822058,"[2, 5.400500641102894, 7.801001282205788]","[1.0802252884963024, 2.160450576992605]",
traveler (traveler.642),642,352.5,0.9379985590175675,0,0.0,1.0,3.2622171721619693,3.0466866370970154,SAV (sav.4),,,,False,0,2.882869610380805,2.882869610380805,normal,,,,,,"[8.347032190496497, 0.15093176681971884, -0.8255056752345353, -0.9342159714889942]"
traveler (traveler.643),643,352.5,0.643294861267234,4,,,1.9480869652707402,2.8304849173998243,,,,,,4,,,,,,,,,"[-1.9008407043861641, 1.8233809525781581, 1.2391638248029146, 5.388257810523453]"
traveler (traveler.644),644,352.5,0.8618692630457795,1,,,3.026333132873273,1.8175103958133279,,,,,,1,,,,,,,,,"[-1.8168575096569863, 2.1799063609730407, -1.2733242493744064, 0.6333481632588231]"
traveler (traveler.645),645,352.5,0.4829297723189447,4,,,2.924653557286658,2.7299793931547236,,,,,,4,,,,,,,,,"[0.4891063224274679, -0.621820442232344, 1.2088863624689754, -0.26467302897472805]"
traveler (traveler.646),646,352.5,0.7321859027182168,2,,,2.028453991909614,1.9398745154937942,,,,,,2,,,,,,,,,"[4.558006720572998, 1.1127185887717057, 2.831070544537542, 0.15012449373529121]"
traveler (traveler.647),647,360.0,2.768465328315872,1,,,3.7489425876098776,0.029262724015065578,,,,,,1,,,,,,,,,"[3.0704139915402635, -0.8986654943991714, -0.23517142419645226, 0.035255469613412645]"
traveler (traveler.648),648,360.0,1.691001157212082,1,,,3.6601011373231933,3.7303049479190244,,,,,,1,,,,,,,,,"[-0.49354251509010616, 2.6340348029055023, 0.6587517719948477, -0.03636343010726276]"
traveler (traveler.649),649,360.0,2.2221469759108907,1,,,1.9044114561977254,0.35915636511178073,,,,,,1,,,,,,,,,"[-1.1626991039294825, 1.3276407264538082, 0.47733567597296667, -0.47401872542742035]"
traveler (traveler.650),650,360.0,0.9952072806279938,1,,,3.3598113937357033,3.0011605517368998,,,,,,1,,,,,,,,,"[5.073964094671332, 1.5808860888189138, -0.007200166588808165, -0.7320919164601212]"
traveler (traveler.651),651,360.0,0.6492662845339583,4,,,1.8541457612568033,2.4335243613796997,,,,,,4,,,,,,,,,"[3.3746194267600105, 0.5677320182414225, 0.24099503574686193, 0.743333444881831]"
traveler (traveler.652),652,360.0,0.2451907791753004,4,,,2.257887250782055,2.5387289924826266,,,,,,4,,,,,,,,,"[-1.1651458927196645, -1.0807460553256634, 0.3903665226322121, 0.08757792912723587]"
traveler (traveler.653),653,360.0,0.9389920118950146,2,,,3.0366174327104942,3.2705502769539736,,,,,,2,,,,,,,,,"[1.3810235339233885, 0.23709493576827154, 1.7381622823034102, -0.09750579452871239]"
traveler (traveler.654),654,360.0,0.8952120718450205,1,,,1.63328175697208,2.2759371945644498,,,,,,1,,,,,,,,,"[-0.5474784343604708, 0.9902004977161805, 0.42154226688241014, 0.15077945712426494]"
traveler (traveler.655),655,360.0,0.8674639854887525,1,,,1.6544050412990634,2.6935534343265237,,,,,,1,,,,,,,,,"[-0.16103203337392802, 1.0922160183378067, -0.3063145271082092, 1.1384400518857418]"
traveler (traveler.656),656,367.5,2.119702010450949,2,,,2.4218067568870145,0.3817407075994522,,,,,,2,,,,,,,,,"[1.9970504772672613, 0.13391897400255715, 1.6181549759175233, -0.5158387113653377]"
traveler (traveler.657),657,367.5,2.1147506928709516,1,,,1.3676832404883843,0.7139347018859349,,,,,,1,,,,,,,,,"[-0.8528866990590018, 0.6012758320270941, 0.4056193168319248, -0.4615007821840811]"
traveler (traveler.658),658,367.5,2.6182904641270914,1,,,4.744184497331019,3.8487330708772522,,,,,,1,,,,,,,,,"[-0.007969052631787606, -0.34888270420604944, -0.22456695668990762, -0.3336742952759099]"
traveler (traveler.659),659,367.5,0.9831721409340703,1,,,3.2129807167175675,3.176968209222403,,,,,,1,,,,,,,,,"[2.001181646648418, 1.2174557545535178, 0.9533038827979915, -0.9417287324416501]"
traveler (traveler.660),660,367.5,0.847178621524683,2,,,1.7906847824263534,2.9632316255254088,,,,,,2,,,,,,,,,"[-0.7654246526402484, -1.3943093979430585, 3.857141200777324, 0.9771919734139767]"
traveler (traveler.661),661,367.5,0.6244346470230683,4,,,2.034150453286438,2.9158158585595224,,,,,,4,,,,,,,,,"[-0.5886532772758398, 0.7066047163948314, 4.106078663038744, -0.5400107708990276]"
traveler (traveler.662),662,367.5,0.26217901321979875,4,,,2.762082438603059,2.492884499400523,,,,,,4,,,,,,,,,"[-0.44626196679113056, -0.18928194791235414, -0.8598842548243858, -0.5738388857258756]"
traveler (traveler.663),663,367.5,0.5003172656496443,4,,,2.3419774408071,2.974706474669625,,,,,,4,,,,,,,,,"[-0.9473065924631076, 0.3887420207411182, 2.4478072258435053, -0.84361544507696]"
traveler (traveler.664),664,375.0,0.7393602223195896,1,,,3.1856683875474063,2.7766087501627754,,,,,,1,,,,,,,,,"[0.21678170257244117, 0.39713751570126754, -0.8660000941954613, 0.4354655733965466]"
traveler (traveler.642),642,352.5,0.9379985590175675,,,,3.2622171721619693,3.0466866370970154,SAV (sav.4),1,5.947845074775698,1,False,,,,,3.2622171721619693,3.0466866370970154,361.3956901495514,"[2, 5.947845074775698, 8.895690149551395]","[1.326530283649064, 2.653060567298128]",
traveler (traveler.665),665,375.0,0.9874859144709506,0,0.0,1.0,2.026677394200674,3.366656876807578,SAV (sav.4),,,,False,0,2.402761898739606,2.402761898739606,normal,,,,,,"[8.112589800491703, -0.777090489735781, 0.6858606640020585, 1.3004829338160575]"
traveler (traveler.666),666,375.0,0.9998468107143325,1,,,3.0786665792178343,3.315376376277822,,,,,,1,,,,,,,,,"[4.100389297494926, 1.8996390211232232, 0.3315032128731192, -0.5033968898424325]"
traveler (traveler.667),667,375.0,0.93100974993521,1,,,3.4286798378254795,2.4341751316684688,,,,,,1,,,,,,,,,"[0.88744013245085, 0.5160446241073928, -0.8116189064690017, -0.056356629440742254]"
traveler (traveler.668),668,375.0,0.17220535876577836,4,,,2.3504240693248697,2.5853330331719144,,,,,,4,,,,,,,,,"[0.5157534999162117, 0.06973323634058143, 0.39582783582481157, 0.7035663084911954]"
traveler (traveler.669),669,375.0,0.5091235673547717,4,,,3.0010916946411266,2.4099226976551096,,,,,,4,,,,,,,,,"[0.5156008588690568, 1.5999111666186019, -0.6546766832391844, 0.25009899640746597]"
traveler (traveler.670),670,382.5,1.693974985954374,1,,,1.579718576653904,1.077806850359908,,,,,,1,,,,,,,,,"[-0.5296479038221077, 0.88099593723601, 1.4442738343890356, -0.5303660264351252]"
traveler (traveler.671),671,382.5,2.191629903323472,1,,,3.191242789110394,4.579765621324801,,,,,,1,,,,,,,,,"[-0.5541381049232958, 0.37968339078850266, -1.036149844343207, 0.5527287791819582]"
traveler (traveler.672),672,382.5,2.009906136019387,3,,,4.121908175831785,1.312929427212353,,,,,,3,,,,,,,,,"[0.7988808586624263, -0.2619855853557144, -0.5477747925682619, 2.814235105198523]"
traveler (traveler.673),673,382.5,2.7537347057170196,3,,,4.1350940136165075,4.71574420818511,,,,,,3,,,,,,,,,"[-0.9536391203042454, -0.6566013443922346, -0.538571941064487, 1.6969499458996244]"
traveler (traveler.674),674,382.5,1.4146810984239147,1,,,3.2961193326252447,3.6694086618707034,,,,,,1,,,,,,,,,"[-1.4516936501082383, 0.998367002323347, -0.3150774377915946, 0.24268303713419187]"
traveler (traveler.675),675,382.5,2.784399080073809,1,,,0.24834993254970905,0.8620286294116819,,,,,,1,,,,,,,,,"[1.3902287652389556, 0.5147705394640653, 1.188549108638741, 0.5684790649048416]"
traveler (traveler.676),676,382.5,1.2297743671629693,2,,,3.640558696473603,2.959859602519635,,,,,,2,,,,,,,,,"[1.9689078387405687, -0.5026237944769784, 1.0014541655745404, 0.6292816953748749]"
traveler (traveler.677),677,382.5,1.7850449289928705,1,,,3.7197721700032442,3.8032809565894605,,,,,,1,,,,,,,,,"[0.41758004343481464, 1.918553406356048, -0.17393557793957212, -0.17357927198301507]"
traveler (traveler.678),678,382.5,0.18846768865689142,4,,,2.6141303260284783,2.649981126640335,,,,,,4,,,,,,,,,"[4.865716954716632, -0.9851351176451506, 1.9617853626746893, 0.35688678532765655]"
traveler (traveler.615),615,330.0,0.7745393735759497,,,,1.7911040227141695,2.81205405718784,SAV (sav.3),1,5.43414241489571,1,False,,,,,1.7911040227141695,2.81205405718784,337.86828482979143,"[2, 5.43414241489571, 7.86828482979142]","[1.0953640867030694, 2.190728173406139]",
traveler (traveler.679),679,382.5,0.7978966113187738,0,0.0,1.0,3.160402886020331,2.052219886004302,SAV (sav.3),,,,False,0,0.5368988028341173,0.5368988028341173,normal,,,,,,"[5.30556675148314, -0.8081758582619715, -0.7298410485896387, 2.3723541225981317]"
traveler (traveler.680),680,382.5,0.15190521378112876,4,,,2.6480393745289863,2.4659480167544245,,,,,,4,,,,,,,,,"[0.26999706105148763, -0.34428385074376244, 1.3492091507849027, 1.1559674383285685]"
traveler (traveler.681),681,382.5,0.2080758927219492,4,,,2.4073381014255992,2.6863044542801475,,,,,,4,,,,,,,,,"[-1.1612672296962774, 0.9577068472192612, -0.1843829639811797, 0.8869529705967869]"
traveler (traveler.679),679,382.5,0.7978966113187738,,,,3.160402886020331,3.160402886020331,SAV (sav.3),1,5.507547131330098,1,False,,,,,3.160402886020331,2.052219886004302,390.51509426266017,"[2, 5.507547131330098, 8.015094262660195]","[1.128396209098544, 2.256792418197088]",
traveler (traveler.665),665,375.0,0.9874859144709506,,,,2.026677394200674,2.026677394200674,SAV (sav.4),1,6.103368828660481,1,False,,,,,2.026677394200674,3.366656876807578,384.20673765732096,"[2, 6.103368828660481, 9.206737657320962]","[1.3965159728972165, 2.793031945794433]",
