traveler,traveler ID,requested time,distance,mode choice,waiting time,devFact_offer,x_coord_desti,y_coord_desti,vehicle,drop_in_sequence,inVehTime,devFact,walking time,interest,utility choice,utility interest,value tt,x_coord_stoploc,y_coord_stoploc,return time,route time,route distance,stoch parts
traveler (traveler.0),0,30,0.9100980004181792,3,,,2.096185052230409,3.3156052098429796,,,,,,3,,,,,,,,,"[1.7295824263673385, -0.2418381702342499, -0.1634626309426046, 0.8890507096807767]"
traveler (traveler.1),1,30,0.9240430184493819,0,0,1.0835873998381003,1.5929850094863383,2.67657663188697,SAV (sav.4),,,,False,0,0.7514725479107254,0.7514725479107254,normal,,,,,,"[5.169951990697845, -0.7375705046981949, -0.5707865979310421, 0.6212256752077561]"
traveler (traveler.2),2,30,0.5334483447245647,4,,,2.548086862703021,1.9687234334880195,,,,,,4,,,,,,,,,"[0.8344838482950714, 0.2071167933865118, -0.583231134714515, 0.3235543038690088]"
traveler (traveler.3),3,30,0.8692763080639715,1,,,1.630974692554664,2.479111850707442,,,,,,1,,,,,,,,,"[0.15558948663179434, 3.2498948192810206, 0.6277382706312004, 1.1733614752626167]"
traveler (traveler.4),4,30,0.5722643106897195,4,,,2.938746304611544,2.132592703557899,,,,,,4,,,,,,,,,"[0.7309185762493676, -0.22528244649652207, 1.4760564235285343, 0.39954800815660935]"
traveler (traveler.5),5,30,0.7865709780360177,3,,,1.8249626907951484,2.9037555382530513,,,,,,3,,,,,,,,,"[-0.5385151027180771, -0.7501494209825346, 0.14599264293666592, 3.751287633302362]"
traveler (traveler.6),6,37.5,2.4785184557906845,1,,,3.7925706900347347,4.614784799207278,,,,,,1,,,,,,,,,"[-0.691111315118372, 2.737398099545899, 0.26996930293051147, -1.1230025728670792]"
traveler (traveler.7),7,37.5,2.1289347576533895,3,,,2.695297938137504,0.3800420009575811,,,,,,3,,,,,,,,,"[0.7484998426738616, -0.0433835299847379, 0.5460755538389327, 1.4602629082832126]"
traveler (traveler.8),8,37.5,0.3493153233608617,4,,,2.187868768408274,2.343171146150539,,,,,,4,,,,,,,,,"[1.1789670683125721, -1.164821582453412, 0.9009278281840508, -1.4835362897782947]"
traveler (traveler.9),9,37.5,0.6132037384761728,4,,,3.1061189284006,2.5929444431672115,,,,,,4,,,,,,,,,"[2.0550522306043226, 0.006605767460995207, 2.886367701634047, -0.7959056316131593]"
traveler (traveler.10),10,37.5,0.2930547086121155,4,,,2.5425204235420242,2.789953575286698,,,,,,4,,,,,,,,,"[1.9711029247225995, 0.36589900798154057, 1.0489273728322486, 4.0622657611981206]"
traveler (traveler.11),11,37.5,0.8630930101181308,1,,,3.316633661904847,2.7793546247311047,,,,,,1,,,,,,,,,"[0.3967178637247392, 2.336018410561649, 1.516244346418416, 0.0013601079739144401]"
traveler (traveler.12),12,37.5,0.49097389184042034,4,,,2.73388063171409,2.0683112086491624,,,,,,4,,,,,,,,,"[-0.7165262106748727, 0.5223402639452798, 1.326737784038642, 0.8005574387529184]"
traveler (traveler.13),13,37.5,0.9843246689762166,2,,,2.3724119082443176,1.5239793379250202,,,,,,2,,,,,,,,,"[5.016352357725114, -0.05647856835677576, 5.969645171848778, -0.411491289781193]"
traveler (traveler.14),14,37.5,0.47400750345206083,4,,,2.5780481629889547,2.967537803373059,,,,,,4,,,,,,,,,"[5.372158829430384, 1.8652710814412337, 1.7268248613763515, 0.5254046919688408]"
traveler (traveler.15),15,37.5,0.3313522494359778,4,,,2.1764929154815946,2.42832378726046,,,,,,4,,,,,,,,,"[2.41792992376226, -0.15251679260023648, -0.988551874033001, 1.1322807101897354]"
traveler (traveler.1),1,30,0.9240430184493819,,,,1.5929850094863383,2.67657663188697,SAV (sav.4),1,5.903987042016196,1,False,,,,,1.5929850094863383,2.67657663188697,38.807974084032395,"[2, 5.903987042016196, 8.807974084032391]","[1.306794168907288, 2.613588337814576]",
traveler (traveler.16),16,45.0,1.5540307485362044,0,0.0,1.0835873998381003,2.418035176417373,4.051867692521197,SAV (sav.4),,,,False,0,-0.6758511819025923,-0.6758511819025923,normal,,,,,,"[4.121966676789803, -0.21788925108202598, -0.5612745139812526, 2.02566991094604]"
traveler (traveler.17),17,45.0,2.2881889890304627,3,,,1.854030777885708,4.695115626476498,,,,,,3,,,,,,,,,"[2.5443593831113365, 0.09320395064884948, 0.243619784427355, 3.6921316685363466]"
traveler (traveler.18),18,45.0,2.328884365452365,2,,,2.5227101387071476,4.828773633749826,,,,,,2,,,,,,,,,"[2.303145988374583, 0.5782373260147168, 1.877655443246035, 0.367331097955454]"
traveler (traveler.19),19,45.0,2.2182723854570314,1,,,4.674110111755399,2.9404288796663467,,,,,,1,,,,,,,,,"[2.109598484625072, 0.16834175804992524, -0.5094517608684405, 0.025268225069252543]"
traveler (traveler.20),20,45.0,2.4514767592917863,1,,,0.08585213968926586,2.926178847322181,,,,,,1,,,,,,,,,"[-0.010657367576891879, 0.6429090915833131, -0.25200720643325264, -0.23280742572480154]"
traveler (traveler.21),21,45.0,0.6372457656054976,4,,,2.2077361854502855,3.0662720445925147,,,,,,4,,,,,,,,,"[0.5091590422636401, 0.29003623871112166, 0.10796269885750961, -0.4388063467421596]"
traveler (traveler.22),22,45.0,0.9907866233223322,2,,,3.489684924118311,2.5467106404088145,,,,,,2,,,,,,,,,"[3.34051182211985, 0.927122393681326, 2.3097537538937876, -0.1286485352395127]"
traveler (traveler.23),23,45.0,0.5436984608749137,4,,,2.167589432038042,2.9302455469437874,,,,,,4,,,,,,,,,"[1.110492176971884, 1.4177360478655445, -1.189445276971572, -0.5448301961506786]"
traveler (traveler.24),24,52.5,2.3103183803932614,1,,,1.4098707373875186,4.5369558683434725,,,,,,1,,,,,,,,,"[-0.2770184604215831, 0.8323421554991912, 0.5089117390011363, 0.36240652451611666]"
traveler (traveler.25),25,52.5,1.8153797343865412,1,,,4.314699952648889,2.549675566201801,,,,,,1,,,,,,,,,"[1.3793575995808065, 0.511339098735958, 0.8388953429883494, -0.9201892101553639]"
traveler (traveler.26),26,52.5,2.4726945778074403,1,,,4.151596806208731,4.340230003244006,,,,,,1,,,,,,,,,"[-1.8272190150021854, 0.21509970921692972, -0.16241226871833273, -1.1755804666582113]"
traveler (traveler.27),27,52.5,0.18900145305237107,4,,,2.596577186727412,2.3375364771410942,,,,,,4,,,,,,,,,"[2.756807755862775, -0.7914504411031528, 2.3559665528489253, -1.116213521652351]"
traveler (traveler.28),28,52.5,0.4937013439664534,4,,,2.978441033854648,2.6217998118158556,,,,,,4,,,,,,,,,"[2.728008789275859, 0.6058121782823538, 1.2922573103239476, -0.2889451000948774]"
traveler (traveler.29),29,52.5,0.9928173839021033,2,,,3.486818430586567,2.60897588188623,,,,,,2,,,,,,,,,"[0.07660334529664814, -0.8372853422865493, -0.14235631702517818, -0.4699709183482707]"
traveler (traveler.30),30,52.5,0.8499979984951613,3,,,2.3543907553572243,3.3374333079835914,,,,,,3,,,,,,,,,"[-0.5545290387613684, 0.3349003934401061, 0.5065370485591076, 3.5412039096290537]"
traveler (traveler.31),31,52.5,0.7403402375660539,2,,,2.993556436720063,1.94817963871242,,,,,,2,,,,,,,,,"[0.4995973608577905, -0.1293481003915638, 1.2942242065997998, -0.5499944125087358]"
traveler (traveler.32),32,52.5,0.9462243246948018,3,,,3.107506759189712,1.7745511663921798,,,,,,3,,,,,,,,,"[0.022462498022078694, 0.6450057366124315, -0.6302925421889994, 3.704631946802113]"
traveler (traveler.33),33,52.5,0.5448274433288712,4,,,2.9227304282949866,2.1562909253484692,,,,,,4,,,,,,,,,"[-1.7672192334918015, -0.5705003715567414, -0.5918291412041413, 0.08551495238205983]"
traveler (traveler.34),34,52.5,0.8502090985235136,3,,,2.7736789340854164,1.6950432606344388,,,,,,3,,,,,,,,,"[3.516656344184773, -0.1259333149705572, 0.4956448367808706, 3.6077713821234862]"
traveler (traveler.35),35,52.5,0.7815725208999682,2,,,1.7341456377826165,2.655957370132149,,,,,,2,,,,,,,,,"[2.0198666246992354, -0.5738866642199651, 2.326219942465485, 0.07554949057938884]"
traveler (traveler.36),36,52.5,0.41188630921749286,4,,,2.7074975278809217,2.855802062450619,,,,,,4,,,,,,,,,"[-1.1790785555331886, -1.0344891459777457, 4.053809500476385, -0.9800994170094484]"
traveler (traveler.37),37,60.0,1.4148519978405578,1,,,3.3250007847630387,1.3505741081158003,,,,,,1,,,,,,,,,"[0.567872134397818, 0.27737291340757303, -0.6799837185368549, -1.4707206629004297]"
traveler (traveler.38),38,60.0,2.0872322814698934,1,,,2.6921592913071852,0.4216320336441054,,,,,,1,,,,,,,,,"[0.3047635794571636, 0.2662900950984644, 0.2769775683030708, 0.26465637822103927]"
traveler (traveler.39),39,60.0,2.460197997091651,2,,,3.243164190628598,0.15473217506803472,,,,,,2,,,,,,,,,"[0.048384240299767296, -1.4041949567400542, 3.3499005721311996, 0.19151523524107028]"
traveler (traveler.40),40,60.0,2.99239811844403,3,,,4.521025478228966,4.706785561765518,,,,,,3,,,,,,,,,"[-1.046786520464378, 0.34350852219626293, 0.6949893416952169, 2.384354150075589]"
traveler (traveler.41),41,60.0,0.7600357646349063,3,,,3.185261202675932,2.171257779360025,,,,,,3,,,,,,,,,"[0.6834802735134318, 0.6476742086089052, -0.12984448938892187, 1.6290679090380262]"
traveler (traveler.42),42,60.0,0.7171387110170093,2,,,3.1498842504863616,2.1967865573413383,,,,,,2,,,,,,,,,"[2.567577370361128, -0.13514452713240255, 0.09068585794436565, -0.42162394960765553]"
traveler (traveler.43),43,60.0,0.6183052563031526,4,,,1.9428224844322264,2.7680570948843375,,,,,,4,,,,,,,,,"[1.2308979317416504, -0.3121536068808605, -0.06486647388428253, 0.5806340091958212]"
traveler (traveler.44),44,60.0,0.4786355728222109,4,,,2.8557589392834375,2.820199295269008,,,,,,4,,,,,,,,,"[1.9492601624948414, -0.22893838291317498, 0.36887121584245913, 0.6520252560591052]"
traveler (traveler.45),45,67.5,1.4344452399384704,3,,,1.411346277179184,1.5659409985603086,,,,,,3,,,,,,,,,"[2.127702578361881, -0.44149645173196034, -2.2396743132553922, 3.674013902433229]"
traveler (traveler.46),46,67.5,1.067705675494852,1,,,3.2309649188021723,3.278258117185071,,,,,,1,,,,,,,,,"[-0.6192227213391144, -0.11918449221752883, -0.31078812012995566, -0.30091334727037006]"
traveler (traveler.47),47,67.5,1.6784417892843706,3,,,3.8683076031846824,1.5279397430801374,,,,,,3,,,,,,,,,"[-0.4714362056344221, -1.4159104907084714, -0.4945538711191207, 2.554359232392397]"
traveler (traveler.48),48,67.5,3.097064811753709,1,,,0.22098296907955284,0.40288488132444455,,,,,,1,,,,,,,,,"[0.3272762590895355, 1.6881627901669647, -1.3616836500920044, 1.950483474373915]"
traveler (traveler.49),49,67.5,0.3398024844717739,4,,,2.162486006860685,2.460629542949764,,,,,,4,,,,,,,,,"[-2.211557799773367, 4.686035840638626, -0.6503361576879393, 1.2676845598145792]"
traveler (traveler.50),50,67.5,0.9355267744671676,3,,,3.4139063628256316,2.6999637610462637,,,,,,3,,,,,,,,,"[1.0911675341026712, 0.13893072461427539, -1.346267299534013, 1.3351130206489379]"
traveler (traveler.51),51,67.5,0.6836857722828835,4,,,1.9780291611211536,2.0584428931812373,,,,,,4,,,,,,,,,"[0.3009967958111183, 1.2338675302530242, -0.5053115361141505, 0.3639747118946066]"
traveler (traveler.52),52,67.5,0.22645006342186866,4,,,2.2783695313024737,2.546471136942011,,,,,,4,,,,,,,,,"[4.974617640248582, 1.4354731373376646, 0.15653152797855874, -0.6181323918925695]"
traveler (traveler.53),53,67.5,0.6722254901002476,4,,,2.8343051831211037,1.9167957869846246,,,,,,4,,,,,,,,,"[-1.269156909754257, -1.0954152559848105, -0.25002622652305806, 2.58888629635847]"
traveler (traveler.54),54,67.5,0.9926390180841128,1,,,3.4923213362141805,2.525111469831436,,,,,,1,,,,,,,,,"[0.21521209489485496, -0.4639351459104389, -0.18299037348654498, -1.0467710322856831]"
traveler (traveler.55),55,67.5,0.5032303385895922,4,,,2.0426870501022445,2.2899865729701823,,,,,,4,,,,,,,,,"[-2.000751513927829, 0.3213179270778662, -0.5746354261961519, 2.0599686947293394]"
traveler (traveler.56),56,67.5,0.3218647248504165,4,,,2.5134761315373177,2.1784175144977214,,,,,,4,,,,,,,,,"[2.0382689382883044, -0.2818090823009732, 3.1027478664665753, 0.7474650516993885]"
traveler (traveler.57),57,67.5,0.611652758625131,4,,,1.898553813371219,2.3887274439790733,,,,,,4,,,,,,,,,"[1.514202535261669, 0.10086958021917253, -0.5780298642295771, 0.4820601364104649]"
traveler (traveler.58),58,67.5,0.9359118311584447,3,,,3.4318716382566734,2.41313110156577,,,,,,3,,,,,,,,,"[0.37121600806672594, 0.16088812044224987, 0.6348167651720648, 1.1829936064218185]"
traveler (traveler.59),59,67.5,0.8878552733940276,3,,,1.7615108875155843,2.9928699800510916,,,,,,3,,,,,,,,,"[0.9346456567925516, 0.958151719768105, 1.32675681830078, 3.5535282567482547]"
traveler (traveler.60),60,67.5,0.8740266007352901,1,,,3.221135521261119,2.993848214301055,,,,,,1,,,,,,,,,"[1.995886938046549, 2.394206174611855, 1.939071914913753, 2.7073295638992776]"
traveler (traveler.16),16,45.0,1.5540307485362044,,,,2.418035176417373,4.051867692521197,SAV (sav.4),1,7.883847468721585,1,False,,,,,2.418035176417373,4.051867692521197,57.76769493744317,"[2, 7.883847468721585, 12.76769493744317]","[2.1977313609247133, 4.395462721849427]",
traveler (traveler.61),61,75.0,2.3035522638370125,0,0.0,1.0835873998381003,4.058173295766422,0.8034007507401664,SAV (sav.4),,,,False,0,-1.6364603520018997,-1.6364603520018997,normal,,,,,,"[3.6126715414288317, 0.7753915150166601, -0.8884405891313312, -0.6491277470400364]"
traveler (traveler.62),62,75.0,1.1337567289717438,1,,,1.4166689890307897,2.165637560181863,,,,,,1,,,,,,,,,"[1.9988608619502286, -0.08939834322069669, -0.7884982759880431, 0.38459370288251166]"
traveler (traveler.63),63,75.0,0.3543347028605525,4,,,2.2033431296615253,2.6937725030345057,,,,,,4,,,,,,,,,"[2.5643536435144725, 0.44889907765599274, 0.3794942925193608, 0.024371842454544882]"
traveler (traveler.64),64,75.0,0.4253635882749509,4,,,2.227810467171048,2.173125344438424,,,,,,4,,,,,,,,,"[-0.8966421172610167, 0.8581642518813201, 4.653381238111681, -0.6566843058510208]"
traveler (traveler.65),65,75.0,0.5112109827300818,4,,,3.0021515583720033,2.404185171876037,,,,,,4,,,,,,,,,"[0.08115643206535991, 1.751792368028654, 2.313423409421883, 2.132940846730276]"
traveler (traveler.66),66,75.0,0.7938369676468101,3,,,1.7607867775090162,2.210619726143647,,,,,,3,,,,,,,,,"[2.1160814947334097, 0.4412288167633125, 0.18201950200356648, 1.1091285873214094]"
traveler (traveler.67),67,82.5,2.147813588162192,2,,,3.497582082745652,4.402086537904887,,,,,,2,,,,,,,,,"[1.2639481018328467, 1.1297190045557577, 2.436789414456085, 2.3691593147477565]"
traveler (traveler.68),68,82.5,2.164253760109637,1,,,4.663671792883373,2.449813240495603,,,,,,1,,,,,,,,,"[1.0714811979490515, 1.7146508747801166, 0.9759206669238165, 0.5333694311872537]"
traveler (traveler.69),69,82.5,2.549558727850091,2,,,4.971411159354627,3.1263997032039477,,,,,,2,,,,,,,,,"[-0.10834791712734933, 1.6307456014523873, 6.337178262184621, 0.3707876127458574]"
traveler (traveler.70),70,82.5,0.3608952738654776,4,,,2.1917870067739305,2.687750231704424,,,,,,4,,,,,,,,,"[1.1680765935635355, 0.31038862746706014, 1.8070537123987904, 2.725293747738544]"
traveler (traveler.71),71,82.5,0.7318190678155824,0,0.0,1.0835873998381003,3.226453126859319,2.411540955833864,SAV (sav.3),,,,False,0,-0.8321999697604365,-0.8321999697604365,normal,,,,,,"[3.470534474433726, -0.3489491762766092, 0.0033794034666261457, 0.42612016144193887]"
traveler (traveler.72),72,82.5,0.908598900977123,3,,,1.9382033402671184,3.2140983657520947,,,,,,3,,,,,,,,,"[-1.3728022670516664, 1.392842987906525, 1.2435527779532507, 2.9760561412171813]"
traveler (traveler.73),73,82.5,0.6091017722962436,4,,,2.041814081038914,2.098663940468577,,,,,,4,,,,,,,,,"[8.01500647108873, -0.011938742589271658, -1.037881788098909, 0.7589089350024759]"
traveler (traveler.74),74,82.5,0.6074164093927137,4,,,3.1029238406226423,2.426260344397472,,,,,,4,,,,,,,,,"[2.2969992042848193, -0.3013159434212584, -0.039720721137972155, -0.2572084666504537]"
traveler (traveler.75),75,82.5,0.8448788611065885,1,,,2.5028606036890326,1.6551259816450146,,,,,,1,,,,,,,,,"[0.5966436669121253, 0.6909190955552339, 0.6433112029590865, 0.4149010442261647]"
traveler (traveler.76),76,82.5,0.7900146162370347,3,,,1.7117875325532927,2.446668958103907,,,,,,3,,,,,,,,,"[1.9153701392199654, -0.05848691798037676, 0.0472221968590421, 0.4975431122186536]"
traveler (traveler.77),77,82.5,0.669880239049632,4,,,1.8394864477484993,2.3883694398415187,,,,,,4,,,,,,,,,"[0.06765794652741033, -0.17285991139122078, -0.4481909141190821, 0.2456528477611755]"
traveler (traveler.78),78,90.0,2.2955078358068057,1,,,0.25131264982493795,2.961260691380811,,,,,,1,,,,,,,,,"[-1.6854057104897588, 3.336836061402296, -0.8173500321247348, 1.9228441072000502]"
traveler (traveler.79),79,90.0,2.4905657101210537,0,0.0,1.0835873998381003,0.43049238503494736,3.885660776681092,SAV (sav.2),,,,False,0,0.7441419953668724,0.7441419953668724,normal,,,,,,"[6.105881454117325, 2.4118269100293777, 0.26454351335126736, 0.001379195706974536]"
traveler (traveler.80),80,90.0,1.7976951750150738,3,,,0.8543023650010673,3.22345506870254,,,,,,3,,,,,,,,,"[0.3831635716172425, -0.1357753401924249, -0.20932547034404952, 1.147482166609936]"
traveler (traveler.81),81,90.0,1.8274712796375203,1,,,1.7196831150214469,4.1525001775846695,,,,,,1,,,,,,,,,"[-0.12054355455701858, 0.5501516774025198, 0.5131311399434392, -0.20352504924952847]"
traveler (traveler.82),82,90.0,2.6454233363963047,1,,,0.7875796444477634,4.516403023862171,,,,,,1,,,,,,,,,"[3.2128694510150813, 1.2520634846012566, 0.12076367300869814, 0.6732609682989538]"
traveler (traveler.83),83,90.0,1.2467141894575842,1,,,1.6221897609692033,1.6147060067708714,,,,,,1,,,,,,,,,"[1.3257458674171865, 1.4965414743941856, -0.6226221653153989, -0.5549525238229834]"
traveler (traveler.84),84,90.0,1.3029984925173987,2,,,1.2035977332516117,2.369056369867588,,,,,,2,,,,,,,,,"[-0.5442666030464068, -0.11581838937436703, 2.221791967745753, 0.05018216324937749]"
traveler (traveler.85),85,90.0,1.8632107643491944,2,,,3.08401379687205,0.7306831155924043,,,,,,2,,,,,,,,,"[0.40866117768452703, -0.041262320082459336, 3.1901908880602234, 1.1459457433781188]"
traveler (traveler.86),86,90.0,0.1385556794478404,4,,,2.3982095567302113,2.4059979682868895,,,,,,4,,,,,,,,,"[-0.7995721690010085, 0.8864966403066157, -0.027865265518145107, 0.6564265908626908]"
traveler (traveler.87),87,90.0,0.3541714993974028,4,,,2.557724287782906,2.849435770328913,,,,,,4,,,,,,,,,"[3.57421801785676, -0.2205494544083311, -0.5355037748646023, 0.6371081839701654]"
traveler (traveler.88),88,90.0,0.9841746616599877,3,,,3.2167724012406493,3.1744161100339054,,,,,,3,,,,,,,,,"[1.6645201645448127, 2.842196844992513, 0.5317584512161175, 3.7332015269411674]"
traveler (traveler.89),89,90.0,0.5176409751155407,4,,,2.945295454439752,2.763939647218569,,,,,,4,,,,,,,,,"[0.07579070732591715, 0.09447342663078434, -0.48374632799251094, -0.17039141903653388]"
traveler (traveler.90),90,90.0,0.855179384731543,3,,,3.323875183776291,2.7292628657838045,,,,,,3,,,,,,,,,"[1.7954995026424918, -1.2723372328399545, 0.5151164770781284, 1.8337416317242523]"
traveler (traveler.91),91,90.0,0.9493665876577754,2,,,2.8772230586069605,3.371205877973845,,,,,,2,,,,,,,,,"[-0.1017636942356923, 0.4478186041879438, 2.830650816594311, 2.061263218492111]"
traveler (traveler.92),92,90.0,0.7483682464215562,1,,,2.7152753533047482,1.7832632599680753,,,,,,1,,,,,,,,,"[0.08902229179336732, 4.845009573082156, -0.9144361876769792, -0.39872827411740736]"
traveler (traveler.93),93,90.0,0.7972861558444697,0,0.0,1.0835873998381003,1.7164155584024283,2.6471755318912553,SAV (sav.2),,,,False,0,1.1534006167990203,1.1534006167990203,normal,,,,,,"[5.495555164402795, 1.6484401036915681, 0.7863119571417582, -0.6157174166262788]"
traveler (traveler.94),94,90.0,0.607336232885641,4,,,2.996470557721712,2.150179638826992,,,,,,4,,,,,,,,,"[1.561486280023437, -1.0982306817866958, 3.4408668602145904, 0.5706295577182618]"
traveler (traveler.95),95,90.0,0.6028253893644658,4,,,2.3358223787788313,1.9199619333590439,,,,,,4,,,,,,,,,"[-2.6275229864609755, -0.7615408886787786, 2.1410939101822057, -0.15361662047084707]"
traveler (traveler.96),96,90.0,0.8242414189965952,1,,,3.265713336764824,2.1949475410851433,,,,,,1,,,,,,,,,"[3.8119170131178604, 5.097935637445636, 0.7921241157210468, -1.017430727455677]"
traveler (traveler.97),97,90.0,0.368470427556754,4,,,2.4578610683593327,2.133947044235345,,,,,,4,,,,,,,,,"[2.452400072465918, -0.5371438515146589, -1.11524845329058, -0.4679749907225354]"
traveler (traveler.98),98,90.0,0.8233139608223512,2,,,2.1964317034448326,3.2653052772662567,,,,,,2,,,,,,,,,"[0.47777895081867205, -0.7655924090159857, -0.2279993888906584, -0.44659891672948576]"
traveler (traveler.99),99,90.0,0.8318985620551366,3,,,2.509130688493929,1.6681515474096074,,,,,,3,,,,,,,,,"[3.306544904698833, -0.45554181172722474, -0.6341296050245299, 1.9384526906971808]"
traveler (traveler.100),100,90.0,0.6725576537768864,4,,,2.8068294252196297,1.901510650493042,,,,,,4,,,,,,,,,"[0.5135408823136858, -0.047835870299122174, -0.07560944677537614, -0.42345457543460335]"
traveler (traveler.101),101,97.5,1.8323623900621422,1,,,4.028563808071988,3.510467522074168,,,,,,1,,,,,,,,,"[2.0373874661107267, 0.5135724687713964, 0.2900291909864185, 0.7904799630083137]"
traveler (traveler.61),61,75.0,2.3035522638370125,,,,4.058173295766422,0.8034007507401664,SAV (sav.4),1,10.23936634034122,1,False,,,,,4.058173295766422,0.8034007507401664,92.47873268068244,"[2, 10.23936634034122, 17.47873268068244]","[3.2577148531535496, 6.515429706307099]",
traveler (traveler.102),102,97.5,1.6079938739886697,0,0.0,1.0835873998381003,0.9438412689489628,2.095013206932972,SAV (sav.4),,,,False,0,-1.0933659322945628,-1.0933659322945628,normal,,,,,,"[3.736945077532085, -0.4547860417517923, 0.21310280749200597, 0.3181545891441895]"
traveler (traveler.103),103,97.5,1.4037409150692097,3,,,3.6030879060034504,3.3681506944466872,,,,,,3,,,,,,,,,"[0.5674346199587611, -0.11856318265578764, -0.13905188469811472, 0.7263355781527956]"
traveler (traveler.104),104,97.5,1.3040587419080079,1,,,3.3387822076456537,3.498505688758847,,,,,,1,,,,,,,,,"[-1.45308381401891, 2.3197134005124944, 2.2788750575845915, 0.5216601293984219]"
traveler (traveler.105),105,97.5,2.999471510344383,1,,,4.553034792778085,0.31324956133301274,,,,,,1,,,,,,,,,"[1.1896553418812361, 0.6081461187940745, 1.3382153457798702, 0.2322999364929787]"
traveler (traveler.106),106,97.5,2.856036786943171,1,,,4.237114538317056,4.767019896061831,,,,,,1,,,,,,,,,"[-1.1137559087285578, 2.0251668360886015, 1.9374322034085036, 1.1268960226145344]"
traveler (traveler.107),107,97.5,0.5427647897325447,4,,,2.055150380469688,2.8109701480482494,,,,,,4,,,,,,,,,"[-0.29523849236811045, -0.9450359149751175, 1.566464772466097, 0.5231407391901335]"
traveler (traveler.108),108,97.5,0.6175330943727927,4,,,2.38276413253854,1.8936973742212595,,,,,,4,,,,,,,,,"[-0.36746211200589146, -0.7219739767494073, -0.05996028354548883, -0.24266578320084403]"
traveler (traveler.109),109,97.5,0.3874973785476103,4,,,2.1545982957872547,2.324352964419546,,,,,,4,,,,,,,,,"[-1.963439757248363, 3.4294264907670624, -1.0999996794312468, 0.24497373496273114]"
traveler (traveler.110),110,97.5,0.9328405946777837,0,0.0,1.0835873998381003,1.5742310683452685,2.614644931251487,SAV (sav.4),,,,False,0,1.2175069951479065,1.2175069951479065,normal,,,,,,"[5.641283777027374, 0.38462466569587755, -0.4327278777466265, 1.7862545304927833]"
traveler (traveler.111),111,97.5,0.8074731488055927,3,,,1.9822482610912264,1.880366218723543,,,,,,3,,,,,,,,,"[0.8039344284219397, 0.4699407347826416, -0.9964716014386628, 1.3706272736851242]"
traveler (traveler.71),71,82.5,0.7318190678155824,,,,3.226453126859319,2.411540955833864,SAV (sav.3),1,5.299885446462294,1,False,,,,,3.226453126859319,2.411540955833864,90.0997708929246,"[2, 5.299885446462294, 7.599770892924589]","[1.0349484509080324, 2.069896901816065]",
traveler (traveler.112),112,97.5,0.9440118022275706,0,0.0,1.0835873998381003,3.425828520965398,2.3156095650203907,SAV (sav.3),,,,False,0,0.38304206100670957,0.38304206100670957,normal,,,,,,"[4.81354543131529, 0.024794091981928543, 1.5017482154086181, 0.5441195390233151]"
traveler (traveler.113),113,97.5,0.5877691483531323,4,,,2.4936978202036935,1.9122646392417915,,,,,,4,,,,,,,,,"[0.30563202096625824, -1.396542320045262, -0.8106527231646887, 1.5195455330299679]"
traveler (traveler.114),114,97.5,0.8595562804619992,3,,,2.679711592586723,1.659440220584157,,,,,,3,,,,,,,,,"[-1.0751022237262562, 0.6726787640810468, -0.41573800339243994, 1.9364407585928718]"
traveler (traveler.115),115,97.5,0.8781450392360071,3,,,1.8180803829836367,3.053285049376056,,,,,,3,,,,,,,,,"[1.1955995959246686, -1.1840581146556348, 0.7920765659450096, 2.1893855000008333]"
traveler (traveler.116),116,97.5,0.840129319123167,2,,,2.976426319098049,3.1919792159603064,,,,,,2,,,,,,,,,"[-0.27756993282327713, -0.7928898360717719, 2.0028535774665084, -0.5162267927055854]"
traveler (traveler.117),117,97.5,0.5560486609741105,4,,,3.0211699529462623,2.306165035359737,,,,,,4,,,,,,,,,"[0.6734634766284653, -0.33730466701267836, 3.8817977404838633, 2.1585303830509788]"
traveler (traveler.118),118,97.5,0.9398327614105905,1,,,2.601099841781518,1.5656208256749256,,,,,,1,,,,,,,,,"[0.245550854296431, 0.5292981896290879, 0.009250540204442395, 0.7019325737919166]"
traveler (traveler.119),119,97.5,0.9099356960507667,1,,,1.8559473209774116,1.8572098961626589,,,,,,1,,,,,,,,,"[-0.24107081680190412, 0.5700463205735589, -0.9483743270148866, 0.674055785885226]"
traveler (traveler.120),120,97.5,0.6794513007116556,4,,,2.599100073797256,1.8278145751266701,,,,,,4,,,,,,,,,"[-0.11948160967059743, 1.5214804804679305, 0.5312465270136779, 2.0185045497479868]"
traveler (traveler.121),121,97.5,0.39799255943884654,4,,,2.756743934201401,2.1958937198618376,,,,,,4,,,,,,,,,"[2.5595053071523566, 0.40145130641581256, 0.23035231751655472, 0.511182987941589]"
traveler (traveler.122),122,105.0,1.6984851464116086,2,,,3.8728314997998563,3.5000927285697765,,,,,,2,,,,,,,,,"[-1.9125483003959396, 0.725195285070055, 2.017467170289903, 0.2907497265736652]"
traveler (traveler.123),123,105.0,2.2137864646645924,1,,,4.62498564878019,1.8792854894475335,,,,,,1,,,,,,,,,"[2.869682471087556, 2.2255563230914426, 0.26466027900279643, 2.08461252920561]"
traveler (traveler.124),124,105.0,1.162896349187684,2,,,3.6535941144144184,2.3532057966319586,,,,,,2,,,,,,,,,"[-0.5290269911063243, 0.46363953410384506, 1.5962932980190303, -0.9037382708107558]"
traveler (traveler.125),125,105.0,3.0907535023886195,1,,,4.771620166846249,0.4041710398734971,,,,,,1,,,,,,,,,"[0.9387726001086428, 0.08980929358481429, 0.4481845544979187, 0.8419616986445786]"
traveler (traveler.126),126,105.0,2.171600804093701,1,,,0.3350566781568759,2.330086888242054,,,,,,1,,,,,,,,,"[0.7437443561241973, 1.8697857678181726, -1.109932095631844, -0.907593360219233]"
traveler (traveler.127),127,105.0,1.4853310818122414,0,0.0,1.0835873998381003,1.3123565602552074,1.607973384573823,SAV (sav.1),,,,False,0,-1.9745153213653865,-1.9745153213653865,normal,,,,,,"[2.781935981275676, -0.37763477765541226, -1.1261168514345226, -1.1227879231626263]"
traveler (traveler.128),128,105.0,0.9756074164834765,3,,,1.7157969127665125,3.080375179578719,,,,,,3,,,,,,,,,"[-0.9669504331001735, -0.8284584956856154, 0.29209770617508757, 1.9211970442185011]"
traveler (traveler.129),129,105.0,0.7097985511822438,2,,,1.910773549108446,2.895760246652131,,,,,,2,,,,,,,,,"[-2.1739182999945084, -1.1637122020785422, 2.6389491511274454, -1.5617245021086728]"
traveler (traveler.130),130,105.0,0.48776885920791874,4,,,2.4224893974379533,2.0184290638924907,,,,,,4,,,,,,,,,"[1.26859638909962, 4.566103453627903, 1.6327650883983604, 1.4514071504283996]"
traveler (traveler.131),131,105.0,0.2875528337410676,4,,,2.2124584462283527,2.497453031781718,,,,,,4,,,,,,,,,"[2.849557933746786, 0.941498387729573, 0.6356392879295187, -0.30057767778075983]"
traveler (traveler.132),132,105.0,0.6311175592219455,4,,,3.1178503688461445,2.3712743410389794,,,,,,4,,,,,,,,,"[-0.5423958508918029, 0.9110702329135412, -0.6792648561972631, -0.6494181365437804]"
traveler (traveler.133),133,105.0,0.7411746177758815,0,0.0,1.0835873998381003,1.791233138831399,2.283229728642434,SAV (sav.1),,,,False,0,-0.4449884346220583,-0.4449884346220583,normal,,,,,,"[3.863379324845362, -0.4873667464122994, 1.1448747046367618, 0.4149376680963892]"
traveler (traveler.134),134,105.0,0.9926336073977053,2,,,2.6671939565525524,3.478451664328742,,,,,,2,,,,,,,,,"[-0.23627235284134648, 1.6516719723033797, 5.5211092923544545, 2.7142186355684164]"
traveler (traveler.135),135,105.0,0.8616939980873346,1,,,1.7418563919018308,2.09044558867029,,,,,,1,,,,,,,,,"[0.9434959668866729, 2.8776444014992153, -1.5530611940241732, 1.5019694308793448]"
traveler (traveler.136),136,105.0,0.814058408272615,1,,,1.8006455137826858,2.9166466064749117,,,,,,1,,,,,,,,,"[2.7581224611443047, 0.6389480391876972, 0.7204959973251456, -0.3478991005599855]"
traveler (traveler.137),137,105.0,0.35463088945427756,4,,,2.818909422949842,2.655112371231088,,,,,,4,,,,,,,,,"[1.3099078261739647, -0.44087822839980706, -1.055856227394529, -0.13895887470843382]"
traveler (traveler.138),138,105.0,0.9986417488715785,2,,,3.4394032141789923,2.1611682662744482,,,,,,2,,,,,,,,,"[-0.8581226586720984, 2.944424006666994, 4.01336061391823, 3.051781113330719]"
traveler (traveler.139),139,105.0,0.27103075377912905,4,,,2.479598610497351,2.7702618226839375,,,,,,4,,,,,,,,,"[-0.6174958560465507, 0.9731143040743171, 1.2900427523880564, 0.49008783496011044]"
traveler (traveler.140),140,105.0,0.6537333815962072,4,,,1.8826528448730422,2.2849422768885894,,,,,,4,,,,,,,,,"[0.5397382072349401, 0.28210272997182495, 0.4116229463865195, -0.5947707081057992]"
traveler (traveler.141),141,112.5,2.1815340065917885,3,,,1.168787765614293,4.228283717720628,,,,,,3,,,,,,,,,"[0.17156302996800812, 0.15625928211593587, -0.5539073377349583, 2.192560552126788]"
traveler (traveler.142),142,112.5,1.7376314750359156,1,,,2.3671871637616353,0.7674516186940655,,,,,,1,,,,,,,,,"[0.3548456703668013, 1.5846529260455007, 0.9614466559823521, 0.3289576188999266]"
traveler (traveler.143),143,112.5,1.8830572887939212,3,,,4.323896901968064,2.968299950748674,,,,,,3,,,,,,,,,"[-0.6808425481197424, -1.476929204573911, 0.9350483896348738, 1.527625888572612]"
traveler (traveler.144),144,112.5,3.224466362743715,1,,,4.795852835804226,0.23587918149331533,,,,,,1,,,,,,,,,"[-0.8983628001806461, 1.2740716121798261, 0.876551737707363, 0.9601764819992229]"
traveler (traveler.145),145,112.5,2.424613706950585,2,,,1.8633623350309247,4.839539294706413,,,,,,2,,,,,,,,,"[-0.09592889896077539, -1.0554084950145062, 1.138860696897577, -0.49375719579968974]"
traveler (traveler.112),112,97.5,0.9440118022275706,,,,3.425828520965398,2.3156095650203907,SAV (sav.3),1,5.966742875001108,1,False,,,,,3.425828520965398,2.3156095650203907,106.43348575000222,"[2, 5.966742875001108, 8.933485750002216]","[1.3350342937504984, 2.670068587500997]",
traveler (traveler.146),146,112.5,2.1315077117534194,0,0.0,1.0835873998381003,3.073815173587109,0.4471821143059246,SAV (sav.3),,,,False,0,1.0719642718793656,1.0719642718793656,normal,,,,,,"[6.21750191301644, 0.04822728853361709, -0.9285930034140778, 0.36054606016660157]"
traveler (traveler.147),147,112.5,1.5398861374188997,1,,,4.010978530160286,2.2030266045424938,,,,,,1,,,,,,,,,"[0.21489847326294276, 0.6846986909101932, 0.5663354462069312, -0.739865753347996]"
traveler (traveler.148),148,112.5,0.8426419138719764,3,,,1.8523239791666843,1.9609627405722774,,,,,,3,,,,,,,,,"[-2.5129654225795526, 1.6087423036213702, 0.11589282698115859, 2.640683007395602]"
traveler (traveler.149),149,112.5,0.67185905652695,4,,,2.933941369422268,3.01292248901877,,,,,,4,,,,,,,,,"[-3.0500715212835248, -0.48477991312825786, 3.411886976603738, 0.8743492510888063]"
traveler (traveler.150),150,112.5,0.4280300455533847,4,,,2.5407304702771967,2.926087724168898,,,,,,4,,,,,,,,,"[0.005231722052304428, 0.26301839804989396, 1.6024649762051615, 1.0161319361948182]"
traveler (traveler.151),151,112.5,0.8415614729707761,1,,,2.7446612562423818,3.3052121350815833,,,,,,1,,,,,,,,,"[0.495965009569786, 3.055305355714616, -0.9252241636289246, -0.2230938324221767]"
traveler (traveler.152),152,112.5,0.9724345325988673,1,,,3.3782288859618728,2.917543942661063,,,,,,1,,,,,,,,,"[0.28185886706267277, 2.171031387714812, -0.19176027797883882, 0.5277076313071355]"
traveler (traveler.153),153,112.5,0.9473984127997702,3,,,3.1672044136326933,3.1726083726839693,,,,,,3,,,,,,,,,"[1.1417575875725525, 0.04923345384793734, 1.5915189599400117, 6.925577422315635]"
traveler (traveler.154),154,112.5,0.8246196026325392,2,,,3.298777068015398,2.704823545176259,,,,,,2,,,,,,,,,"[2.221613980748682, -0.7168523764584006, 2.2440739575393893, -0.1924657341341568]"
traveler (traveler.155),155,112.5,0.9480129551293294,1,,,3.339613251040732,2.9402023986416435,,,,,,1,,,,,,,,,"[1.047411278117726, 0.438399776212876, -0.48737484097709016, -0.03697536549035353]"
traveler (traveler.156),156,112.5,0.7045451416979572,0,0.0,1.0835873998381003,2.458269596207556,3.2033082041960794,SAV (sav.3),,,,False,0,5.9833770991076465,5.9833770991076465,normal,,,,,,"[10.26968892515407, -1.9447246180742346, 1.1039723947531508, 0.26911379082226733]"
traveler (traveler.157),157,112.5,0.9195235053660126,1,,,3.3590041199116483,2.828078342618671,,,,,,1,,,,,,,,,"[1.5388302224507626, 4.28069591386707, 0.5258455287599841, 0.38300793621834717]"
traveler (traveler.158),158,112.5,0.4954893322912717,4,,,2.4913915356023244,2.995414546370173,,,,,,4,,,,,,,,,"[-1.776360801512853, 1.8607754674187629, -1.1175062177771924, 5.529927723079416]"
traveler (traveler.159),159,112.5,0.5953776352882115,4,,,2.7498981083553033,1.9596061954076234,,,,,,4,,,,,,,,,"[-0.12559250436615838, -0.5192608850022356, 1.10603050419467, -0.41682593194194256]"
traveler (traveler.160),160,112.5,0.857765354919998,3,,,3.185397914699853,3.0157432526229724,,,,,,3,,,,,,,,,"[1.9717311406404687, 1.0029525806317243, 0.49433782438662943, 2.114006918172765]"
traveler (traveler.161),161,112.5,0.9186544643742235,2,,,1.785233919237308,1.922907741599463,,,,,,2,,,,,,,,,"[3.776478743521141, 1.4109822806791965, 3.9748592812743175, 0.20884893157338535]"
traveler (traveler.162),162,112.5,0.8613096634648406,3,,,2.3767354851005025,3.35244366133165,,,,,,3,,,,,,,,,"[2.4386982380046547, 0.4259935855723741, -0.5623626793050988, 3.3914666365546444]"
traveler (traveler.163),163,112.5,0.408039667962055,4,,,2.8693902886142286,2.673341239490437,,,,,,4,,,,,,,,,"[2.298356251608258, 0.2293618840710191, -0.07524971738771764, -0.339897989641981]"
traveler (traveler.164),164,112.5,0.7827974727356373,1,,,2.688703458365091,3.259712371968731,,,,,,1,,,,,,,,,"[1.2789664915088628, -0.27766832025032545, -0.8188123869524488, 0.019217640329630227]"
traveler (traveler.165),165,112.5,0.945351683754476,1,,,2.2785475747165282,1.5809523247875052,,,,,,1,,,,,,,,,"[-1.1161686450154873, 1.5680728869391958, 1.2298795677222807, -0.6763372541410495]"
traveler (traveler.166),166,120.0,1.8283439979150977,1,,,2.2997667439752933,4.317346532143473,,,,,,1,,,,,,,,,"[-2.0602102481458124, 1.300456861449933, -0.1991179045932589, 1.2174674078986194]"
traveler (traveler.167),167,120.0,2.4082207612164206,1,,,4.908129458492399,2.5209701190959963,,,,,,1,,,,,,,,,"[0.6405997847895282, -0.29427513280159756, -0.5092231536739036, 0.8434309737337877]"
traveler (traveler.168),168,120.0,1.7631629765467962,2,,,1.706459520557,0.9255041475600101,,,,,,2,,,,,,,,,"[0.3269552960675649, -0.633784095487538, 0.8404107560197385, -0.30015084748614596]"
traveler (traveler.169),169,120.0,0.7279262382116323,3,,,2.4083769031241595,1.7778630210300692,,,,,,3,,,,,,,,,"[-1.440807276992802, -0.9829776174184507, -1.1651985262594264, 1.4287891649050273]"
traveler (traveler.170),170,120.0,0.46055566455117913,4,,,2.135346786198239,2.2186824679935047,,,,,,4,,,,,,,,,"[1.2191918544263962, -0.17155800110513225, 1.8560274541312956, -0.7521354138270752]"
traveler (traveler.171),171,120.0,0.1220522884795972,4,,,2.5886410100250936,2.4160980783006845,,,,,,4,,,,,,,,,"[0.10679057002904854, 0.4349076504538485, 2.3052034920125988, 2.824061196048829]"
traveler (traveler.172),172,120.0,0.29403431148980086,4,,,2.794031383641702,2.501312161204865,,,,,,4,,,,,,,,,"[-0.7645302097261766, -0.24097510744078757, -0.08043067692514867, -0.2470515926260425]"
traveler (traveler.173),173,120.0,0.5074190188758461,4,,,2.7509123631079464,2.9410408674448574,,,,,,4,,,,,,,,,"[0.8137280420847306, 0.7180799314687638, 0.8923723601541758, 3.832154597333892]"
traveler (traveler.174),174,120.0,0.8087941449979719,2,,,2.8286613268927994,3.2390058871132656,,,,,,2,,,,,,,,,"[1.9290853241303232, 1.6221409103222846, 1.9577176138977008, 0.20755873842424982]"
traveler (traveler.175),175,120.0,0.9619232802078299,1,,,2.0623773333398203,1.643388770426733,,,,,,1,,,,,,,,,"[1.0941059131438433, 1.0541949174050238, -0.5242851231170139, -0.7102942787819244]"
traveler (traveler.176),176,120.0,0.15635449193005863,4,,,2.65308612576868,2.5318019691818394,,,,,,4,,,,,,,,,"[1.1925368583796134, 0.9832985645018169, 0.6822613387001246, -1.409300852321437]"
traveler (traveler.177),177,120.0,0.5972626378939152,4,,,2.544970411531126,3.095567226021311,,,,,,4,,,,,,,,,"[1.32369531470579, 0.7242558807009533, 1.2848545840037857, 0.0600551489711086]"
traveler (traveler.178),178,120.0,0.8814325265406225,1,,,2.237864524750486,1.6584488776910242,,,,,,1,,,,,,,,,"[-0.8850033269369756, 0.413973080455942, 0.6964712731677687, -0.8170067879510635]"
traveler (traveler.179),179,120.0,0.663235921460026,4,,,2.8057983322463453,1.911468550109441,,,,,,4,,,,,,,,,"[0.7346333278787137, 0.3232500882526049, 0.057402207580427425, 0.16320396462804398]"
traveler (traveler.180),180,120.0,0.5057501048226812,4,,,2.017495970950737,2.6515685669239537,,,,,,4,,,,,,,,,"[0.14392658223886726, 0.8219823984244253, -0.39270683025960634, 2.8769154127279344]"
traveler (traveler.181),181,120.0,0.7150865409336171,2,,,1.8072905773378052,2.3225107981329165,,,,,,2,,,,,,,,,"[-0.5218874225680318, 0.8867817118728096, 1.6787754208179408, -1.2016844140577703]"
traveler (traveler.182),182,120.0,0.4607652690925683,4,,,2.512188168629822,2.960604040090182,,,,,,4,,,,,,,,,"[-1.000250909657807, -0.6843338313201864, 4.897942063488832, -0.3101830294696369]"
traveler (traveler.183),183,120.0,0.6790104261463245,4,,,2.4531395120477733,3.177391506799644,,,,,,4,,,,,,,,,"[-0.5813536054790281, -0.9949788703966573, 0.19925449085993763, 0.014518695861200958]"
traveler (traveler.110),110,97.5,0.9328405946777837,,,,1.5742310683452685,2.614644931251487,SAV (sav.4),1,5.9316351567233445,1.0,False,,,,,1.5742310683452685,2.614644931251487,,,,
traveler (traveler.102),102,97.5,1.6079938739886697,,,,0.9438412689489628,2.095013206932972,SAV (sav.4),2,9.49906347680879,1.1795042574128984,False,,,,,0.9438412689489628,2.095013206932972,113.05250068749241,"[2.0, 5.9316351567233445, 9.49906347680879, 15.552500687492412]","[1.319235820525505, 2.474578564563955, 4.748625309371585]",
traveler (traveler.184),184,120.0,0.7516565496250459,0,0.0,1.1371112800139052,3.043539842661456,3.0191839828363243,SAV (sav.4),,,,False,0,-0.2887409035563513,-0.2887409035563513,normal,,,,,,"[4.0431444931100895, -0.8341821913345694, 0.4437988614016585, 0.9769951914405672]"
traveler (traveler.185),185,120.0,0.11908659982191394,4,,,2.4361085062098766,2.3995037549039204,,,,,,4,,,,,,,,,"[-3.3566244807239185, 1.82797006842975, 1.1789172627105933, 0.9351694135746687]"
traveler (traveler.186),186,120.0,0.4628739393110145,4,,,2.04537314344858,2.5869868093188337,,,,,,4,,,,,,,,,"[1.3025293802964466, 1.0067905575037002, -1.1902073937253466, 0.4694217614590613]"
traveler (traveler.187),187,120.0,0.9499096455575362,3,,,3.053580138957628,3.271930932451147,,,,,,3,,,,,,,,,"[3.5843418790452986, 0.024357610211034362, -1.6707440735325687, 1.672920798687852]"
traveler (traveler.188),188,127.5,2.1709977065888393,2,,,4.100758990841722,3.966561180194468,,,,,,2,,,,,,,,,"[-2.290767685956287, -0.4200516700703033, 1.0144733497839475, -1.3316222363769004]"
traveler (traveler.189),189,127.5,2.458673260190233,3,,,0.14434626894382518,3.2042511623956265,,,,,,3,,,,,,,,,"[-3.0790414784078557, -0.27614829139187247, -0.6747671409211257, 1.4707006835485608]"
traveler (traveler.190),190,127.5,1.307948054810865,2,,,3.801628237728727,2.371578643400973,,,,,,2,,,,,,,,,"[-1.0800294208826478, -1.0311944455460662, 0.04812314875459794, -0.33381583781419427]"
traveler (traveler.191),191,127.5,1.6881793804471141,1,,,0.9773804842684847,1.7709050604480048,,,,,,1,,,,,,,,,"[2.190329375965793, 2.954156090246574, 0.794945529131752, -1.069993648446689]"
traveler (traveler.192),192,127.5,1.7244335609079966,2,,,1.0384003010346599,1.5849057830090607,,,,,,2,,,,,,,,,"[-2.2635970649535113, -0.15471885596435125, 1.0951903134086316, 0.5367941309380814]"
traveler (traveler.193),193,127.5,2.413023463817617,1,,,4.912618927066097,2.4558168618497307,,,,,,1,,,,,,,,,"[-2.202017071866097, 1.4108467425173663, -0.42689844859900783, 2.11075639778615]"
traveler (traveler.93),93,90.0,0.7972861558444697,,,,1.7164155584024283,2.6471755318912553,SAV (sav.2),1,5.5056286548612405,1.0,False,,,,,1.7164155584024283,2.6471755318912553,,,,
traveler (traveler.79),79,90.0,2.4905657101210537,,,,0.43049238503494736,3.885660776681092,SAV (sav.2),2,12.116415540425166,1.1190829940917768,False,,,,,0.43049238503494736,3.885660776681092,110.94350844094643,"[2.0, 5.5056286548612405, 12.116415540425166, 20.943508440946438]","[1.1275328946875582, 3.652386993191325, 7.174578798425898]",
traveler (traveler.194),194,127.5,2.7042881476131613,0,0.0,1.1371112800139052,4.845008983279372,3.846887988535079,SAV (sav.2),,,,False,0,-0.5773985345328008,-0.5773985345328008,normal,,,,,,"[4.949927654849751, -1.292701979719922, 0.9888489910874564, 3.552439766074104]"
traveler (traveler.195),195,127.5,2.2605362441756394,0,0.0,1.1371112800139052,3.503153494694733,0.4742391115155148,SAV (sav.2),,,,False,0,-1.6087733813285694,-1.6087733813285694,normal,,,,,,"[3.6468788641511938, 0.3266115334737845, 0.587442151102885, 0.06012828866410641]"
traveler (traveler.196),196,127.5,1.9323388551040523,2,,,2.6278593980281624,4.428104101256132,,,,,,2,,,,,,,,,"[-0.630884659079113, 0.06752426198364672, 1.2818712815922315, 0.9786713980792682]"
traveler (traveler.197),197,127.5,2.585723272914862,2,,,3.4348030328718737,4.910831419620022,,,,,,2,,,,,,,,,"[1.815005881952178, -0.6934714767118748, 1.1228725850600265, -0.5130109830456506]"
traveler (traveler.198),198,127.5,0.807860755153509,3,,,2.6397942805555816,1.7043263490342633,,,,,,3,,,,,,,,,"[-0.15966894997589934, -1.019517264662047, -0.6455279978486002, 1.8226145799954718]"
traveler (traveler.199),199,127.5,0.2301109236670566,4,,,2.4770048286919457,2.7289590777571817,,,,,,4,,,,,,,,,"[6.620243729711279, -0.0626559576670293, -0.5161724965911861, -0.5484394747518219]"
traveler (traveler.200),200,127.5,0.9245482341841977,2,,,1.7981988152990915,3.1018841537086015,,,,,,2,,,,,,,,,"[1.7711914866930838, -0.15765194633708082, 0.44176611625608064, -0.30922010557362467]"
traveler (traveler.201),201,127.5,0.979174732451052,1,,,1.9089580723032287,1.7193255503251859,,,,,,1,,,,,,,,,"[0.6889041602525131, 2.133169235583837, 0.4859467243916187, 1.2168698359906647]"
traveler (traveler.202),202,127.5,0.3528166116141643,4,,,2.1853782988519805,2.6596644813276464,,,,,,4,,,,,,,,,"[1.480368485693488, 1.1744140728633194, -0.2878901833767885, 2.6676996088858536]"
traveler (traveler.203),203,127.5,0.7673325930109886,2,,,2.4387733462797767,1.7351139920411727,,,,,,2,,,,,,,,,"[-1.1721039526004773, 0.9682156370492184, 1.6402780376326955, -0.9323309823277203]"
traveler (traveler.204),204,127.5,0.9043246159329617,1,,,3.352445935629988,2.1981077380749667,,,,,,1,,,,,,,,,"[3.327920494815098, 0.827392813677828, 0.5908695428679076, -0.3398300202868034]"
traveler (traveler.133),133,105.0,0.7411746177758815,,,,1.791233138831399,2.283229728642434,SAV (sav.1),1,5.329287103434103,1.0,False,,,,,1.791233138831399,2.283229728642434,,,,
traveler (traveler.127),127,105.0,1.4853310818122414,,,,1.3123565602552074,1.607973384573823,SAV (sav.1),2,8.930889473320777,1.164704387849293,False,,,,,1.3123565602552074,1.607973384573823,119.59883471890561,"[2.0, 5.329287103434103, 8.930889473320777, 14.598834718905607]","[1.0481791965453464, 2.2189002629943495, 4.319475623507523]",
traveler (traveler.205),205,127.5,0.7384165486974207,0,0.0,1.1371112800139052,2.85385830235667,1.851892523385615,SAV (sav.1),,,,False,0,0.7519637676793733,0.7519637676793733,normal,,,,,,"[5.075743366395606, 2.2587256173652155, 1.1246166706093648, 0.1951983169757874]"
traveler (traveler.206),206,127.5,0.4404198843103212,4,,,2.634002823598638,2.080461065259124,,,,,,4,,,,,,,,,"[0.8149269477947871, -0.3545688848469033, 0.3541124599371815, 1.7155587739012539]"
traveler (traveler.207),207,127.5,0.648990036776795,4,,,3.148924792582715,2.509202250106682,,,,,,4,,,,,,,,,"[2.6095977656505664, -0.29170617567502005, 0.5725978600262618, 0.5101975444631918]"
traveler (traveler.208),208,127.5,0.6817904848710805,4,,,2.408151316311902,1.8244246270285551,,,,,,4,,,,,,,,,"[1.287456075555999, 1.9334591301997717, -0.7088124533666976, 0.94846473559473]"
traveler (traveler.209),209,127.5,0.5279034467204259,4,,,2.9649369758031288,2.750031313219657,,,,,,4,,,,,,,,,"[-0.5472396970722643, 1.5454350930209269, -0.09028765436550168, -0.11236893861087487]"
traveler (traveler.210),210,127.5,0.29413155678361497,4,,,2.3237211111051415,2.264544853473221,,,,,,4,,,,,,,,,"[0.769516098368231, 0.8622657081640118, 0.07405811143851775, 0.1530595845315002]"
traveler (traveler.211),211,127.5,0.5066342569132702,4,,,2.7635658063203667,2.9326792530463606,,,,,,4,,,,,,,,,"[4.8706930450966315, 0.5434764829355161, -0.6337140064666009, 3.979462038781579]"
traveler (traveler.212),212,127.5,0.6732399719425406,4,,,1.9277301147072186,2.1453745099288835,,,,,,4,,,,,,,,,"[-1.942445327985182, 0.5659900991849276, 0.14010431191297334, -0.12432343554813298]"
traveler (traveler.213),213,127.5,0.8890339878092384,2,,,2.9844192243164414,1.754534074157206,,,,,,2,,,,,,,,,"[3.5843821428686393, 0.06574218840355465, 1.7735814711873914, -1.185254702187564]"
traveler (traveler.214),214,135.0,2.559401572292646,1,,,4.2839820591015965,0.6648039829332408,,,,,,1,,,,,,,,,"[-0.3594415420657846, 0.7967477076916126, -0.4699859168122438, 0.7631882160067407]"
traveler (traveler.215),215,135.0,1.8455911707941028,1,,,1.236772515736933,3.8455345007526005,,,,,,1,,,,,,,,,"[0.3324774593297034, 3.744316773247451, -0.20079554449536083, 0.9151205937020568]"
traveler (traveler.216),216,135.0,1.497058027292659,1,,,1.296338456844247,1.6098417968645689,,,,,,1,,,,,,,,,"[-1.0148351362352248, -0.3026541909870327, -0.2150493516988402, 0.47385263946729195]"
traveler (traveler.217),217,135.0,1.9971522426249924,1,,,0.5031297826402537,2.533562110238723,,,,,,1,,,,,,,,,"[-2.135817040228019, 0.5165293711360447, -0.21583378911753925, -0.4402399012044939]"
traveler (traveler.218),218,135.0,0.6892899070254404,4,,,2.688985577455849,1.8371236710812344,,,,,,4,,,,,,,,,"[-0.45192771427093814, 2.265283077354071, 0.8916857035502511, 0.855388383521378]"
traveler (traveler.219),219,135.0,0.8872243485243729,3,,,1.670431166348272,2.814614994633456,,,,,,3,,,,,,,,,"[-2.4592234854090487, 2.0944198651314405, 0.8378931971116783, 2.542019795146531]"
traveler (traveler.220),220,135.0,0.8405722426500644,2,,,1.7198097352316326,2.812833575363041,,,,,,2,,,,,,,,,"[3.922404708046458, -1.2354483990524632, 1.6339922125924118, 0.08581444186288077]"
traveler (traveler.221),221,135.0,0.7091777686610232,3,,,1.8803029028456475,2.1551687146712224,,,,,,3,,,,,,,,,"[-1.2772686299283593, 0.10205234069720669, 0.2470125359178092, 0.803034600214378]"
traveler (traveler.222),222,135.0,0.5890135282533521,4,,,2.461139614054265,3.087730216059725,,,,,,4,,,,,,,,,"[5.238011993381005, 1.7875828174609159, 1.6851974420931466, -1.527591043365668]"
traveler (traveler.223),223,135.0,0.6452851385816686,4,,,2.3434426809586957,1.8739946358624693,,,,,,4,,,,,,,,,"[-1.0987937761993913, 2.595077262635416, -0.07484964708037327, 0.48425551614882956]"
traveler (traveler.224),224,135.0,0.5581202771331382,4,,,2.5420612545846892,3.0565331028878093,,,,,,4,,,,,,,,,"[3.5678939167357786, 0.8194712777984887, 0.7963453079455747, -0.3240736458776471]"
traveler (traveler.225),225,135.0,0.778523083527278,3,,,2.5501834498309615,1.7230960078955158,,,,,,3,,,,,,,,,"[-2.07199391657152, -0.2945822081980708, 0.3774156426180194, 2.3456576402234623]"
traveler (traveler.226),226,135.0,0.4688319644668196,4,,,2.4610527875154773,2.967211435589394,,,,,,4,,,,,,,,,"[3.425660577292055, 3.8218308749783847, -0.8505107998831651, -0.15023554875545472]"
traveler (traveler.184),184,120.0,0.7516565496250459,,,,3.043539842661456,3.0191839828363243,SAV (sav.4),1,5.362228637169567,1,False,,,,,3.043539842661456,3.0191839828363243,127.72445727433913,"[2, 5.362228637169567, 7.724457274339135]","[1.0630028867263053, 2.1260057734526105]",
traveler (traveler.227),227,135.0,0.730127493874164,0,0.0,1.1371112800139052,3.1052329955511047,2.9083860653930347,SAV (sav.4),,,,False,0,-0.5747184890847001,-0.5747184890847001,normal,,,,,,"[3.7439863816188397, 0.13352435472685362, -1.1169428098829706, -0.6939235910566449]"
traveler (traveler.228),228,142.5,2.3374586221194673,3,,,0.9635732267840502,0.7384366089561628,,,,,,3,,,,,,,,,"[0.3591746726463725, -0.4419994425038649, -0.07039291768508087, 2.8246112058702564]"
traveler (traveler.229),229,142.5,2.1690171174640636,1,,,2.8771267237035807,4.635980030365621,,,,,,1,,,,,,,,,"[2.045018685378461, -0.3098253833902211, 0.6071239777226546, -0.2103049763461328]"
traveler (traveler.230),230,142.5,1.383071906325434,2,,,2.0453997045802117,3.8062260407260724,,,,,,2,,,,,,,,,"[-0.2448281855625881, 0.11607722754578596, 1.4461745636455496, -0.4827491831879036]"
traveler (traveler.231),231,142.5,2.8852565767171554,1,,,0.8873526469450072,0.1074962846059524,,,,,,1,,,,,,,,,"[0.3748999190406199, -0.39070325065397704, -0.3476574114352042, -1.2334731914533885]"
traveler (traveler.232),232,142.5,2.3037226200714533,1,,,0.3329897867532783,3.281795782742065,,,,,,1,,,,,,,,,"[-1.1924198871916278, 1.174869213070646, -0.5655737274624605, 1.7373918646222835]"
traveler (traveler.233),233,142.5,0.799077334542622,1,,,1.7090377653571964,2.6135928252514384,,,,,,1,,,,,,,,,"[-0.2580848704157076, 3.0506286708480315, -0.5561351793347932, -1.2605804408816776]"
traveler (traveler.234),234,142.5,0.44812456968407904,4,,,2.663956423393862,2.9170538588509087,,,,,,4,,,,,,,,,"[-0.12299610975412946, -0.0230962283920049, 0.11255981897095912, 1.1166920362475325]"
traveler (traveler.235),235,142.5,0.8681762335792148,1,,,1.932725478143147,3.15721350366823,,,,,,1,,,,,,,,,"[-1.8252042213976067, 1.727297544707767, 0.7923852058582715, 0.2208024700760614]"
traveler (traveler.236),236,142.5,0.9362868039875983,3,,,2.0663466251974496,1.6701941613584113,,,,,,3,,,,,,,,,"[-1.0612562973463402, 0.1449848955622987, -1.4341117537333725, 0.7764219621580889]"
traveler (traveler.237),237,142.5,0.4649188259550639,4,,,2.9641470578518416,2.5267772928974193,,,,,,4,,,,,,,,,"[5.976916375592898, -1.0193036272345577, -0.6777371125526918, 0.17819811319789544]"
traveler (traveler.238),238,142.5,0.774822851661937,3,,,2.534672180624283,1.7259533015713502,,,,,,3,,,,,,,,,"[1.0097251042724804, 0.2581223789601414, -0.5903160939487646, 1.4039136034995212]"
traveler (traveler.239),239,142.5,0.6377781288306776,4,,,2.421169911988158,3.13288763523931,,,,,,4,,,,,,,,,"[1.6102310999206826, -0.6919861785309663, 0.7959180292095033, 1.4827142278653749]"
traveler (traveler.240),240,142.5,0.8259271658888957,2,,,3.1555159386083433,3.00244854222466,,,,,,2,,,,,,,,,"[0.5015007281382619, -0.48405143435453535, 1.7754931461959342, 1.0942840149487676]"
traveler (traveler.241),241,142.5,0.9583252572752736,1,,,1.5498418189525869,2.6248468250312786,,,,,,1,,,,,,,,,"[-0.8356178206685463, 0.2891656280885694, -0.4290976103071882, -0.7418886478243907]"
traveler (traveler.242),242,142.5,0.7269549944169923,2,,,1.954948180420569,2.98102190998016,,,,,,2,,,,,,,,,"[-0.20174050574407246, -0.8676958307165101, 1.0974810598512161, -0.7323758491195973]"
traveler (traveler.243),243,142.5,0.30559050620167644,4,,,2.6291761615835907,2.7769459816627187,,,,,,4,,,,,,,,,"[0.4431328384744419, 4.710978278603101, 2.334153950601432, -1.3903457754480881]"
traveler (traveler.244),244,142.5,0.7234243277800482,1,,,1.833454817949584,2.2188234036954846,,,,,,1,,,,,,,,,"[-0.008493189083228093, 1.73067469456559, 0.158729995555099, 0.9244832597269825]"
traveler (traveler.245),245,142.5,0.854899256501977,2,,,2.2478317520854816,3.3168622365560516,,,,,,2,,,,,,,,,"[3.4251942297552342, -0.2861478470886993, 1.0835793260112792, -0.25399014967101924]"
traveler (traveler.246),246,142.5,0.6046181397505556,4,,,2.025347794224519,2.874524202779864,,,,,,4,,,,,,,,,"[1.7886121715857188, 0.2762565195655385, 0.3072594202356387, 1.3939215994148504]"
traveler (traveler.247),247,142.5,0.9555803352977149,2,,,1.6370681125662914,2.9104659972004874,,,,,,2,,,,,,,,,"[0.7812037511875648, -0.16642272520970375, 3.0868589664671715, 1.53573570667823]"
traveler (traveler.156),156,112.5,0.7045451416979572,,,,2.458269596207556,3.2033082041960794,SAV (sav.3),1,5.214171765985167,1.0,False,,,,,2.458269596207556,3.2033082041960794,,,,
traveler (traveler.146),146,112.5,2.1315077117534194,,,,3.073815173587109,0.4471821143059246,SAV (sav.3),2,15.089231776190056,1.5558022250245038,False,,,,,3.073815173587109,0.4471821143059246,135.28791425233345,"[2.0, 5.214171765985167, 15.089231776190056, 22.787914252333447]","[0.9963772946933251, 4.990154299285525, 8.004561413550052]",
traveler (traveler.248),248,142.5,0.7304570682606069,0,0.0,1.1371112800139052,1.8426885577394512,2.8186050791265544,SAV (sav.3),,,,False,0,-0.7994989012240405,-0.7994989012240405,normal,,,,,,"[3.519407741624431, -0.069780086802937, 0.36090952111431346, -1.0772502145480505]"
traveler (traveler.249),249,142.5,0.9302690466465389,2,,,2.976559509797333,3.2989314944163772,,,,,,2,,,,,,,,,"[-0.9126805700296465, -0.1277497786761018, 1.1296950319585972, -0.7833020813010295]"
traveler (traveler.250),250,142.5,0.42432050365680785,4,,,2.723433029987609,2.8607292210704913,,,,,,4,,,,,,,,,"[-0.6621855772644661, -1.1906191661034033, -0.9185469371770133, 1.6262768753293722]"
traveler (traveler.251),251,142.5,0.16967454488438993,4,,,2.6513585057157694,2.5766815096957165,,,,,,4,,,,,,,,,"[1.319419899839852, 0.0886747521822085, -0.0818919747804512, 1.1986658096443814]"
traveler (traveler.252),252,150.0,2.3918692027754043,3,,,4.272744370466593,4.1057445874622935,,,,,,3,,,,,,,,,"[0.22184436505823196, -0.7397358427645585, -0.4578904103968765, 1.0317758428810475]"
traveler (traveler.253),253,150.0,2.127688871704238,1,,,1.50535509708509,0.6191115259326396,,,,,,1,,,,,,,,,"[1.5687843385367048, 0.2959016480209114, -0.8537237049378561, -0.5992115167216641]"
traveler (traveler.254),254,150.0,3.3272666509815148,2,,,4.719112799305575,0.020838498465273192,,,,,,2,,,,,,,,,"[-0.3644766710258465, -0.7080368326217804, 2.3165794458077795, -0.3024976488407302]"
traveler (traveler.255),255,150.0,2.6919595468977615,1,,,4.980348326049161,3.546192326295277,,,,,,1,,,,,,,,,"[-0.6682219127571442, -0.8648740450898762, 0.2970814152920218, -0.6167853047836704]"
traveler (traveler.227),227,135.0,0.730127493874164,,,,3.1052329955511047,2.9083860653930347,SAV (sav.4),1,5.294569342440715,1,False,,,,,3.1052329955511047,2.9083860653930347,142.58913868488142,"[2, 5.294569342440715, 7.589138684881429]","[1.0325562040983216, 2.065112408196643]",
traveler (traveler.256),256,150.0,2.6592221952398383,0,0.0,1.1371112800139052,3.6646799660519003,4.890603116440186,SAV (sav.4),,,,False,0,-2.8079759935014867,-2.8079759935014867,normal,,,,,,"[2.6917599029219716, -0.4860672678595833, -0.30019094078968894, -0.9973192452396443]"
traveler (traveler.257),257,150.0,1.872680798718513,0,0.0,1.1371112800139052,3.8619487132944474,3.785312832054752,SAV (sav.4),,,,False,0,-0.6367964790760317,-0.6367964790760317,normal,,,,,,"[4.381402771351181, 1.2092181529546477, -0.7409568706066695, 0.7459936223650732]"
traveler (traveler.258),258,150.0,1.7696185452303452,1,,,1.3324673909799523,3.8298185599915517,,,,,,1,,,,,,,,,"[0.6135332197718745, 0.11741514974104811, -0.5103694847468251, -0.6443115990921086]"
traveler (traveler.259),259,150.0,0.9119708134380732,1,,,1.7041499719720647,2.05467596353797,,,,,,1,,,,,,,,,"[-0.9913216583908138, 0.8935316449638389, 0.8769928893571509, 1.3006778443674647]"
traveler (traveler.260),260,150.0,0.7729861623432238,0,0.0,1.1371112800139052,1.935524928594591,3.0280866415049363,SAV (sav.4),,,,False,0,2.8625268330163003,2.8625268330163003,normal,,,,,,"[7.207470652563134, 0.3966368085836025, 1.8942882643131458, 0.19196765582670286]"
traveler (traveler.261),261,150.0,0.7567315616137781,1,,,1.7725777924603527,2.708565549217922,,,,,,1,,,,,,,,,"[2.2260365502204587, 0.1320831497788154, 0.31230397107147, 0.2886963684926318]"
traveler (traveler.262),262,150.0,0.8199370924688818,1,,,1.6803265097804883,2.5207895415458763,,,,,,1,,,,,,,,,"[1.327608409738028, 0.5720791798786401, -0.38117241213397823, -1.0372853499575607]"
traveler (traveler.263),263,150.0,0.1882697092410398,4,,,2.4054375848307754,2.337201249835667,,,,,,4,,,,,,,,,"[0.7455981950253129, 0.298520524020506, 1.0432071618228977, -0.3406789680128627]"
traveler (traveler.264),264,150.0,0.8439036211204145,3,,,2.120658836698686,3.253839242521477,,,,,,3,,,,,,,,,"[-0.5655124458218409, 1.0190339322460935, -0.12942562487993822, 2.6952770414018574]"
traveler (traveler.265),265,150.0,0.4191164502039008,4,,,2.4258372490323694,2.0874972906750404,,,,,,4,,,,,,,,,"[0.7909150948985488, -0.4202954835501282, -0.5341008384470084, -0.0400079721013399]"
traveler (traveler.266),266,150.0,0.8514638857168569,1,,,2.929433984102177,3.2352395541442123,,,,,,1,,,,,,,,,"[-2.0110903529163844, 0.9979981189077, 0.27933641911828017, 0.4461323306015269]"
traveler (traveler.267),267,150.0,0.5845766001734011,4,,,3.046496744351419,2.70753580385946,,,,,,4,,,,,,,,,"[6.070728378438727, 0.4136562504440686, 0.42699856462648056, 2.264949334065343]"
traveler (traveler.268),268,150.0,0.2434035041991774,4,,,2.706057026845916,2.370440100556305,,,,,,4,,,,,,,,,"[2.506866736338741, 0.6782946680503626, 0.2010937252168727, 0.7817184231659097]"
traveler (traveler.269),269,150.0,0.6632416650592451,4,,,1.8775557084225671,2.270974651723379,,,,,,4,,,,,,,,,"[3.891391729564495, 0.5865456505034226, 0.8828482320657451, 0.191394868905942]"
traveler (traveler.270),270,150.0,0.9806268268487387,2,,,2.1616485017853533,3.4204060175766617,,,,,,2,,,,,,,,,"[0.8946093075877911, -0.32187895438166236, 1.1382756711281263, -0.030449079694912957]"
traveler (traveler.271),271,150.0,0.6431960142343999,4,,,1.9854902234280256,2.8859803136675177,,,,,,4,,,,,,,,,"[2.1884563277721134, -0.7215286259034, -0.7403493153003509, 1.970315227414847]"
traveler (traveler.272),272,150.0,0.871993674897324,2,,,2.397301978251207,1.6340750116841387,,,,,,2,,,,,,,,,"[-0.9172447005316323, 0.873696932368118, 1.9246063431731122, 0.13508889561568108]"
traveler (traveler.273),273,150.0,0.6639647335498189,4,,,2.3135493129043687,1.8627517683983352,,,,,,4,,,,,,,,,"[-0.22628272681072975, 0.34603686608981465, -1.063375035315231, 0.6847817782795187]"
traveler (traveler.274),274,150.0,0.673056587066527,4,,,1.9373647270638292,2.8693869502861222,,,,,,4,,,,,,,,,"[-0.8967656097059656, -1.3662484900396414, 2.153113208890455, 2.8016450612421187]"
traveler (traveler.275),275,150.0,0.664819000576079,4,,,2.2697265461626692,3.1236653269060284,,,,,,4,,,,,,,,,"[0.8424246423615469, 1.9700784518302625, 0.001066933969133345, -0.5049016960741788]"
traveler (traveler.276),276,150.0,0.9720686699656468,3,,,1.608834364424657,2.111745818955705,,,,,,3,,,,,,,,,"[-0.40995168590838266, 0.45625164465879714, -0.7937222869091898, 1.830774480421287]"
traveler (traveler.277),277,157.5,2.4820613598195953,2,,,0.06292474131413595,2.0295823372674793,,,,,,2,,,,,,,,,"[-0.7707452410164897, -1.3740338796912186, 1.1506496831883473, 0.4572979965592333]"
traveler (traveler.248),248,142.5,0.7304570682606069,,,,1.8426885577394512,2.8186050791265544,SAV (sav.3),1,5.295605094812089,1,False,,,,,1.8426885577394512,2.8186050791265544,150.09121018962418,"[2, 5.295605094812089, 7.591210189624178]","[1.03302229266544, 2.06604458533088]",
traveler (traveler.278),278,157.5,2.8397715906080725,0,0.0,1.1371112800139052,0.9271791383802253,0.13556830843470313,SAV (sav.3),,,,False,0,-1.5904129593869776,-1.5904129593869776,normal,,,,,,"[4.019858950356046, 0.6922710564928733, 0.024862268138097447, 2.6741007036518782]"
traveler (traveler.279),279,157.5,2.6083891155639134,1,,,0.6284581871836209,0.6831276816814352,,,,,,1,,,,,,,,,"[1.919342584314496, 0.15822595849370177, 1.3034009744248802, -0.636431166173689]"
traveler (traveler.280),280,157.5,2.3918534194946637,0,0.0,1.1371112800139052,0.5125585900982399,1.1691959488504629,SAV (sav.3),,,,False,0,-2.1369060126260098,-2.1369060126260098,normal,,,,,,"[3.19914127937577, -0.6892651164697559, -0.19888755254676183, 1.223237217945881]"
traveler (traveler.281),281,157.5,2.149339602551469,1,,,0.9731057807128929,4.012697844978872,,,,,,1,,,,,,,,,"[-1.1023125761226897, 0.5005653825284474, 0.453712738066871, 0.7249410980775772]"
traveler (traveler.282),282,157.5,2.5648921782247522,1,,,3.392702983949441,4.904527660137491,,,,,,1,,,,,,,,,"[2.144933183042319, 0.5749325003432846, 1.1384053019439222, -0.4369512769157279]"
traveler (traveler.205),205,127.5,0.7384165486974207,,,,2.85385830235667,1.851892523385615,SAV (sav.1),1,5.320619328552501,1,False,,,,,2.85385830235667,1.851892523385615,135.141238657105,"[2, 5.320619328552501, 7.641238657105002]","[1.0442786978486254, 2.0885573956972507]",
traveler (traveler.283),283,157.5,2.6991242100366852,0,0.0,1.1371112800139052,3.5204225309006376,0.0011984153125527142,SAV (sav.1),,,,False,0,-2.547641378630316,-2.547641378630316,normal,,,,,,"[2.9765233431019524, -0.49553606433336383, -0.4849780319700902, 0.684740076142469]"
traveler (traveler.284),284,157.5,1.6071477944782324,3,,,4.0976143516295425,2.325207503697773,,,,,,3,,,,,,,,,"[-1.9144734050486412, -0.9108525070526269, -0.12207133760280048, 1.9440115886239278]"
traveler (traveler.285),285,157.5,2.26070938804405,0,0.0,1.1371112800139052,4.759450942373005,2.4245786754276732,SAV (sav.1),,,,False,0,-2.0626522500804327,-2.0626522500804327,normal,,,,,,"[3.193105997598373, -1.3019218724913668, 0.006927037471747407, 1.6372864266531502]"
traveler (traveler.286),286,157.5,2.1666036485283304,2,,,1.1572584387367164,0.7996422525031643,,,,,,2,,,,,,,,,"[2.0705276275575772, 0.4016844916820956, 1.8587674767478195, -0.8904066670367762]"
traveler (traveler.287),287,157.5,1.2598119460098416,1,,,3.48847611358897,1.718948713480895,,,,,,1,,,,,,,,,"[0.8209264338461993, 1.4677186166550515, 0.13887242471363598, -0.383241613713265]"
traveler (traveler.288),288,157.5,1.9855125365635224,1,,,4.296733943666723,3.3449894487665146,,,,,,1,,,,,,,,,"[-0.2478665635592847, 0.611053105410808, 0.9195381656111832, -0.169700907089557]"
traveler (traveler.289),289,157.5,1.9744643006864642,0,0.0,1.1371112800139052,0.5782571278333964,2.046774219662934,SAV (sav.3),,,,False,0,1.660775317696202,1.660775317696202,normal,,,,,,"[6.741288498924983, 0.5990730040778662, -0.387498911566089, -1.3852226506760577]"
traveler (traveler.290),290,157.5,0.7639172925606522,3,,,2.5439961840661196,1.737350692873312,,,,,,3,,,,,,,,,"[-1.1398200466098138, 0.22047858611142943, -0.5886086685374337, 2.244939113430037]"
traveler (traveler.291),291,157.5,0.9480748245436783,2,,,2.5054411509246926,1.551940789396495,,,,,,2,,,,,,,,,"[-2.1974518534465455, -0.7291465482415795, 2.5778797939898217, 1.1633762037650344]"
traveler (traveler.292),292,157.5,0.16367282380521672,4,,,2.439985188715529,2.652272833029608,,,,,,4,,,,,,,,,"[1.176277178594247, 0.817847647377167, 0.6699416317725344, 0.7453620990721909]"
traveler (traveler.293),293,157.5,0.7289957744693268,3,,,3.1165068723548623,2.1109574373756015,,,,,,3,,,,,,,,,"[1.9552372863370742, -0.5603356830180208, -0.8795365070794854, 2.1896902300365197]"
traveler (traveler.294),294,157.5,0.4365752807367144,4,,,2.309060798610544,2.107393075553808,,,,,,4,,,,,,,,,"[3.800811711035423, -0.3556483165031122, -0.3949616126158225, -0.48231838218346285]"
traveler (traveler.295),295,157.5,0.47887653522979245,4,,,2.8229091403807454,2.853627520213372,,,,,,4,,,,,,,,,"[1.3245857525463895, 2.654276490577382, 4.46448496076639, 1.277560115980558]"
traveler (traveler.296),296,157.5,0.333101894185404,4,,,2.2958131158338544,2.7631816639593745,,,,,,4,,,,,,,,,"[-1.046584645498488, 0.3406118944609963, 0.44420980114155445, -1.3822002052544975]"
traveler (traveler.297),297,157.5,0.8363823818263424,1,,,2.967099341405489,3.1937965796168672,,,,,,1,,,,,,,,,"[-0.6732764628064836, 1.2086676986483003, -0.20371575928166874, 1.2704777789241433]"
traveler (traveler.298),298,157.5,0.8890765516323179,3,,,1.8216113018311886,1.9253297564174399,,,,,,3,,,,,,,,,"[0.5399563802242461, -0.4162242156685589, 0.7579708009288401, 0.9160938283624955]"
traveler (traveler.299),299,157.5,0.861374748481151,3,,,1.647239478020903,2.378484776777129,,,,,,3,,,,,,,,,"[3.056826121117468, -0.15166028567992434, 1.0384799173510098, 1.5980556718644987]"
traveler (traveler.300),300,157.5,0.7087337098780974,2,,,3.1947623123812585,2.35996857205535,,,,,,2,,,,,,,,,"[1.5508328730747878, 2.003011934838391, 2.5457867546489417, 0.6702377207598288]"
traveler (traveler.301),301,157.5,0.267683867009945,4,,,2.2965832271174915,2.3259992265319953,,,,,,4,,,,,,,,,"[-1.4715431194708632, 1.0571587157524758, 1.2412743877576873, -0.6069166961701308]"
traveler (traveler.302),302,157.5,0.84118113722903,0,0.0,1.1371112800139052,2.1085312868021884,1.7554612486799805,SAV (sav.3),,,,False,0,-0.6458441758323539,-0.6458441758323539,normal,,,,,,"[3.740849994841001, -0.8839950578436355, -0.47708625249505043, -0.12881600748118333]"
traveler (traveler.303),303,157.5,0.4424972132433167,4,,,2.8069132753829247,2.181239862715197,,,,,,4,,,,,,,,,"[0.8745637477331114, 1.4285648927979515, 0.13781924537353726, -1.4027582337995559]"
traveler (traveler.304),304,157.5,0.6771809833167588,4,,,1.8375640780085885,2.359455582034572,,,,,,4,,,,,,,,,"[-0.7896499309699039, -0.09705484537818121, 4.271725558634136, 1.161378777119596]"
traveler (traveler.305),305,157.5,0.20533403532524547,4,,,2.569598814707453,2.3068211423207323,,,,,,4,,,,,,,,,"[0.7471926818976228, 3.8006357595074736, 1.260717533022802, 0.7580959491606275]"
traveler (traveler.306),306,157.5,0.935616570048411,3,,,2.3683234399290796,3.4263042964798567,,,,,,3,,,,,,,,,"[-2.5953732063699677, 0.500314804340139, -0.48301679043165385, 4.926821524089949]"
traveler (traveler.307),307,157.5,0.618053680748714,4,,,3.0018633348214996,2.1392735864275023,,,,,,4,,,,,,,,,"[0.7184905952565952, 0.4164858478685223, -0.6748372771305041, -1.58901446337398]"
traveler (traveler.308),308,157.5,0.9023080231390838,3,,,3.088217401362172,1.815777771951324,,,,,,3,,,,,,,,,"[-0.28887648188692344, 0.4027168260992947, 0.35343326094024957, 3.3155726270963854]"
traveler (traveler.309),309,165.0,1.5987376192499845,2,,,0.9160627710875646,2.282963528248583,,,,,,2,,,,,,,,,"[0.16329190451765516, -0.481795529553313, 1.815672279513569, -1.0967696455701705]"
traveler (traveler.310),310,165.0,1.5656507031008813,2,,,1.7741507560818581,3.887229252583633,,,,,,2,,,,,,,,,"[3.103452637254013, 0.3167551394932433, 6.156132540224582, 2.656841416379086]"
traveler (traveler.311),311,165.0,2.3369389396132365,2,,,0.45290627548570994,3.6272492583873586,,,,,,2,,,,,,,,,"[-1.2722504033930462, -0.8792508989437958, 0.6317231949245473, 0.47638088315102073]"
traveler (traveler.312),312,165.0,2.4915791054364718,1,,,4.174274695146709,0.6547979287246058,,,,,,1,,,,,,,,,"[-1.9002838602722054, 1.7749523728258834, 0.9238401437379002, 0.14141841699583307]"
traveler (traveler.195),195,127.5,2.2605362441756394,,,,3.503153494694733,0.4742391115155148,SAV (sav.2),1,10.10418003277584,1.0,False,,,,,3.503153494694733,0.4742391115155148,,,,
traveler (traveler.194),194,127.5,2.7042881476131613,,,,4.845008983279372,3.846887988535079,SAV (sav.2),2,22.511492653793987,1.9577325827675889,False,,,,,4.845008983279372,3.846887988535079,159.510250375837,"[2.0, 10.10418003277584, 22.511492653793987, 32.01025037583698]","[3.196881014749128, 8.330171694207294, 12.154612669126642]",
traveler (traveler.313),313,165.0,2.9111877700962654,0,0.0,1.1371112800139052,1.0053914322909434,4.998231266734277,SAV (sav.2),,,,False,0,-2.4083127311848935,-2.4083127311848935,normal,,,,,,"[3.245681616681167, -0.12458984539300907, -0.1783225263930853, 0.7727198801278882]"
traveler (traveler.314),314,165.0,2.189296429912339,1,,,0.36385447820587724,2.979480101511867,,,,,,1,,,,,,,,,"[2.0549670953527306, 0.26505016768863365, -0.7501436712168507, -0.39653553743431597]"
traveler (traveler.315),315,165.0,0.8993882899516036,0,0.0,1.1371112800139052,3.3982696321472172,2.5448437739733523,SAV (sav.2),,,,False,0,0.7375901318936213,0.7375901318936213,normal,,,,,,"[5.159919905751988, 1.5972242080758239, -1.6198694109722913, 2.472001057948994]"
traveler (traveler.316),316,165.0,0.8875131719197067,2,,,3.3564311921592114,2.267179804510582,,,,,,2,,,,,,,,,"[2.569765211108755, -1.2007459540158867, 1.1534514979152402, -0.21930879503201803]"
traveler (traveler.317),317,165.0,0.7164555293385008,1,,,1.9228289234731075,2.075521409326101,,,,,,1,,,,,,,,,"[-0.6016601471828174, 1.9138866599291708, -0.6588066426874262, -0.45883602871693063]"
traveler (traveler.318),318,165.0,0.5106080052746199,4,,,2.6425768629147397,2.99029824924419,,,,,,4,,,,,,,,,"[-0.10998541020656599, 1.701261018771774, -1.095979110357402, 1.7127643065479545]"
traveler (traveler.319),319,165.0,0.9925542129229818,1,,,2.126281087755196,1.580490326194596,,,,,,1,,,,,,,,,"[-0.858489137611911, 3.914014477471152, -0.14617378816096724, 0.1688322220065705]"
traveler (traveler.320),320,165.0,0.4619660910381232,4,,,2.1150762600307793,2.7554337167978247,,,,,,4,,,,,,,,,"[0.4315420368423307, 2.179531027307339, 2.6059672863844536, -0.9929534395773008]"
traveler (traveler.321),321,165.0,0.3895358649114487,4,,,2.1894349870007437,2.2648669254377807,,,,,,4,,,,,,,,,"[-0.5322507605040818, 3.4296928226074477, 0.05961109353442817, 0.3547608561595578]"
traveler (traveler.322),322,165.0,0.8982076201422595,1,,,1.9589155146386579,3.2169410774832707,,,,,,1,,,,,,,,,"[2.221148601472796, 0.7069531257894014, -0.2552646595800481, 0.7917983314716687]"
traveler (traveler.323),323,165.0,0.6519468365443917,4,,,1.854614408637654,2.5922611301801286,,,,,,4,,,,,,,,,"[-1.4139969539952757, -0.7532181335958585, -0.6415531823958399, 1.28510585480441]"
traveler (traveler.324),324,172.5,1.7841312873854132,2,,,3.193679908106403,0.8562443503619449,,,,,,2,,,,,,,,,"[2.6962613432067353, 1.4951209344221394, 5.421203246699237, -1.2870792921928138]"
traveler (traveler.325),325,172.5,2.081433709969221,1,,,0.45797070262870165,2.096908648475912,,,,,,1,,,,,,,,,"[2.2879038725251615, 2.6404929009963993, 2.8740939100759557, 3.1832727147709035]"
traveler (traveler.326),326,172.5,1.6307589214953928,2,,,0.9117371006122138,2.8698589223813857,,,,,,2,,,,,,,,,"[0.6018425910582735, 0.1838192600010517, 1.5101175325387477, -1.2639038404341145]"
traveler (traveler.327),327,172.5,1.2217107535113243,2,,,3.6790534400709363,2.179984139921005,,,,,,2,,,,,,,,,"[-0.6959880746947963, 0.5009083021372688, 2.023460350962533, 0.861134813830302]"
traveler (traveler.328),328,172.5,1.2581579108060081,3,,,1.342513880981528,2.0068598446655406,,,,,,3,,,,,,,,,"[3.793212696306632, -0.08286897672389663, -0.4164416985138894, 3.521258524228243]"
traveler (traveler.329),329,172.5,1.4869493543769199,1,,,2.5436329779036186,1.0136909656060078,,,,,,1,,,,,,,,,"[-1.64651210919291, 2.512224412984137, 2.56358011302505, -0.7806364453697782]"
traveler (traveler.330),330,172.5,1.6010026807048159,1,,,2.3242476108240506,0.9086732952272331,,,,,,1,,,,,,,,,"[1.8815350833734452, -0.46663333349486147, -0.8803093304574598, -0.911260925312363]"
traveler (traveler.331),331,172.5,0.2782131753216475,4,,,2.4549333322595404,2.7745388249070153,,,,,,4,,,,,,,,,"[1.2418691985260184, 0.649141500391142, 0.03236073192438393, -0.7131927245771698]"
traveler (traveler.332),332,172.5,0.3348436350640447,4,,,2.451015298643923,2.1687587601521225,,,,,,4,,,,,,,,,"[6.503748859198135, 0.028494721288491794, 0.6057184969820981, 2.353209910654732]"
traveler (traveler.333),333,172.5,0.988490327297692,3,,,1.7628367785475358,3.1585616995384136,,,,,,3,,,,,,,,,"[0.004476950684785961, -0.13239403080952117, -0.04433681660038849, 0.8775817995353686]"
traveler (traveler.334),334,172.5,0.1002265223348279,4,,,2.592825529858749,2.462200836176229,,,,,,4,,,,,,,,,"[1.7811285025660175, -0.3546699775723965, 0.8764815082631763, 0.17794778320186355]"
traveler (traveler.335),335,172.5,0.8882442365820542,1,,,1.815466150812213,1.9339688761760636,,,,,,1,,,,,,,,,"[-1.1446335182254899, 1.1191379583585248, 0.11972283829646807, 0.4522296851067463]"
traveler (traveler.336),336,172.5,0.834159356557435,1,,,3.29104416187352,2.2352907895479746,,,,,,1,,,,,,,,,"[-0.9947460599848622, 0.5017954248442923, -0.9845424238005218, -1.0807195957719606]"
traveler (traveler.337),337,172.5,0.2579532573115679,4,,,2.4781966754266485,2.7570301499731054,,,,,,4,,,,,,,,,"[2.3433633755661214, -0.4732601100581076, 0.2613394699431988, 3.403642596918637]"
traveler (traveler.338),338,172.5,0.7330236753892035,1,,,2.6174765372643183,3.2235488731754627,,,,,,1,,,,,,,,,"[-0.7683768494079346, 1.0530836226281732, 1.2430073631563632, 0.59941495288557]"
traveler (traveler.339),339,172.5,0.40007556573744824,4,,,2.8241719000605796,2.734463296725208,,,,,,4,,,,,,,,,"[0.8595697127314155, 2.4588870706896415, -0.37735959795748875, 0.43786783486262915]"
traveler (traveler.340),340,172.5,0.5844620757429337,4,,,2.942923969835808,2.1186677630639825,,,,,,4,,,,,,,,,"[1.7413910293820587, 0.49513209942205827, -0.273723226773792, 0.7397130630997404]"
traveler (traveler.341),341,172.5,0.3262191720783439,4,,,2.604716897783231,2.80895520638134,,,,,,4,,,,,,,,,"[1.0250619743918215, -0.3595502235036811, 0.5998791241372311, 2.6037805592385443]"
traveler (traveler.342),342,172.5,0.6585486063509193,4,,,2.1872611389931773,3.0795521303065785,,,,,,4,,,,,,,,,"[-1.1799446675036862, 0.37659149470401937, 1.4401294017617865, 1.3230037478815115]"
traveler (traveler.343),343,172.5,0.94934672689998,1,,,1.644781901186568,2.912142222221461,,,,,,1,,,,,,,,,"[2.9124869868701646, 1.3360472407624082, 1.5714583772192332, 0.5875212706609566]"
traveler (traveler.344),344,172.5,0.5025197787575651,4,,,2.3415464209681254,2.9768842536030538,,,,,,4,,,,,,,,,"[9.018229249715409, 1.291299968644217, 1.3982242494408064, 0.8248638541992118]"
traveler (traveler.345),345,172.5,0.3867176841418324,4,,,2.6196255512901194,2.1322496842876175,,,,,,4,,,,,,,,,"[1.8443648157837327, 0.04428745724328536, -0.08717561025218076, 3.4627888223083003]"
traveler (traveler.346),346,172.5,0.9161653809949651,1,,,2.756379211356683,3.3795616552111483,,,,,,1,,,,,,,,,"[0.0356024829074589, 2.947709106160111, -1.0136376904459412, 1.1317281640480177]"
traveler (traveler.347),347,172.5,0.8801110033516334,2,,,1.6201213436030628,2.479778025869382,,,,,,2,,,,,,,,,"[-0.22630289679720633, 0.3737309190897062, 0.8404059820813581, -0.20933082272308837]"
traveler (traveler.348),348,172.5,0.7660704083637608,3,,,3.0665636837589503,1.984374687572354,,,,,,3,,,,,,,,,"[3.049613767849595, -0.04739870090027712, 0.860635519426869, 3.213226179807931]"
traveler (traveler.349),349,172.5,0.5651493630063851,4,,,2.136377721156009,2.932634534953956,,,,,,4,,,,,,,,,"[-0.36151724672501284, -0.693483214994079, -0.10249630167841602, 2.6806029009059533]"
traveler (traveler.350),350,172.5,0.6413634665998393,4,,,1.907917041102831,2.746545870118598,,,,,,4,,,,,,,,,"[-0.07818804456619431, 3.2950807813044016, -0.022832350966408194, 4.007123873424625]"
traveler (traveler.351),351,172.5,0.48770182917507676,4,,,2.036613105934258,2.3479287647553937,,,,,,4,,,,,,,,,"[-1.0024852080821376, 0.7708832605993234, -0.7640697592465744, 3.450175452568266]"
traveler (traveler.352),352,172.5,0.6515061920433874,4,,,2.548033860712944,3.1497330732661566,,,,,,4,,,,,,,,,"[-0.05378208782575062, 1.514433441832011, 0.7086264636112372, -0.3574090877476903]"
traveler (traveler.353),353,172.5,0.7007602245611653,1,,,1.7992413461350254,2.5014836982049813,,,,,,1,,,,,,,,,"[5.500729857200002, 3.300060591179689, -0.15866787868184093, 0.09105096330301204]"
traveler (traveler.354),354,172.5,0.7485739532804707,2,,,1.8877534516646286,2.069283007554408,,,,,,2,,,,,,,,,"[1.4541302961378268, -0.4025844742189948, 2.3016582773470455, -1.429744889767131]"
traveler (traveler.355),355,172.5,0.6653274124598111,4,,,2.734614116344849,3.1225887745391763,,,,,,4,,,,,,,,,"[1.7736041228700778, 0.6639463406612471, 0.6802755939560283, 0.6475309345763769]"
traveler (traveler.356),356,172.5,0.19904112306859778,4,,,2.6305506768828986,2.3497539037517923,,,,,,4,,,,,,,,,"[0.0820794721772007, 0.8369363700284927, 1.3711776414582357, 0.8199537957139373]"
traveler (traveler.357),357,180.0,2.616949532092203,1,,,4.87373635718879,3.6017261729112615,,,,,,1,,,,,,,,,"[4.445877061558469, 2.9752415623605457, 0.6339681315743112, 0.41617860053977807]"
traveler (traveler.358),358,180.0,2.780429204982073,1,,,4.19060210809786,0.29259177404533654,,,,,,1,,,,,,,,,"[-0.18198947932336126, -1.2452142792965781, -0.1924044179662936, -0.5045715248688026]"
traveler (traveler.359),359,180.0,2.9273052373201423,1,,,0.857821484383125,4.923296448082301,,,,,,1,,,,,,,,,"[3.344173535632176, 0.9465932026870073, 1.2498270398004083, 0.866243186028472]"
traveler (traveler.360),360,180.0,1.138658390617149,1,,,3.6331498361758636,2.6118676865651977,,,,,,1,,,,,,,,,"[-0.8515947537344678, 1.7369323277454047, -1.4579763128765793, 0.8986082381718791]"
traveler (traveler.361),361,180.0,2.5819870644350997,1,,,0.9833197353380108,0.41042153157747563,,,,,,1,,,,,,,,,"[3.417625884022097, 2.686832382409924, 3.5857587882529245, 0.6064177892087232]"
traveler (traveler.362),362,180.0,2.3414127137823253,1,,,3.6370491662661477,0.45321405863852693,,,,,,1,,,,,,,,,"[0.009626357663710656, 1.1159613217738371, 1.6004378067513871, 0.7357000155509996]"
traveler (traveler.260),260,150.0,0.7729861623432238,,,,1.935524928594591,3.0280866415049363,SAV (sav.4),1,5.429261142916706,1.0,False,,,,,1.935524928594591,3.0280866415049363,,,,
traveler (traveler.257),257,150.0,1.872680798718513,,,,3.8619487132944474,3.785312832054752,SAV (sav.4),2,12.934339957908373,1.4557062331877741,False,,,,,3.8619487132944474,3.785312832054752,,,,
traveler (traveler.256),256,150.0,2.6592221952398383,,,,3.6646799660519003,4.890603116440186,SAV (sav.4),3,17.46282240216986,1.5376088668416248,False,,,,,3.6646799660519003,4.890603116440186,176.8199514996626,"[2.0, 5.429261142916706, 12.934339957908373, 17.46282240216986, 26.8199514996626]","[1.0931675143125181, 4.020452981058768, 5.608270080976437, 9.368978174848172]",
traveler (traveler.363),363,180.0,1.0365667605056237,0,0.0,1.1371112800139052,3.3958513386670486,3.0214604759649384,SAV (sav.4),,,,False,0,0.9808923158671972,0.9808923158671972,normal,,,,,,"[5.487205540444915, -1.9765873651430519, 2.369241329363654, 1.0856673513034323]"
traveler (traveler.364),364,180.0,2.570943762850718,1,,,4.048768860006722,0.44791158815842225,,,,,,1,,,,,,,,,"[1.6962964336731603, 1.5850447498569538, 0.09060595425488173, 0.6598271713796613]"
traveler (traveler.365),365,180.0,0.6161211502247141,4,,,2.134001391791278,2.995631204166468,,,,,,4,,,,,,,,,"[-0.0754480660013283, -0.06361412630591536, 0.8831554982942145, 1.664127274592055]"
traveler (traveler.366),366,180.0,0.2430533935126318,4,,,2.5344795393829957,2.259404668661375,,,,,,4,,,,,,,,,"[3.1863734854572643, 0.7019612511805748, 2.0175619233222237, 0.13536040547744535]"
traveler (traveler.367),367,180.0,0.41925754757089245,4,,,2.0831596051390022,2.544955271184663,,,,,,4,,,,,,,,,"[5.179336281122989, 0.2440455468257371, 2.7583839622410373, 1.1254495304062644]"
traveler (traveler.368),368,180.0,0.9897105012019618,1,,,1.7687468398120783,3.166930050233618,,,,,,1,,,,,,,,,"[-2.230908643145942, 0.11690182393990457, 0.13109774656752832, 0.05899417010597081]"
traveler (traveler.369),369,180.0,0.6075168020247403,4,,,2.5202273751877615,1.892820028298544,,,,,,4,,,,,,,,,"[3.8418031450335604, -0.28140945875383866, 0.0529332562185851, 2.8439952701050832]"
traveler (traveler.370),370,180.0,0.1457930083056857,4,,,2.644373947829342,2.4797080198356056,,,,,,4,,,,,,,,,"[0.5065982864944648, 0.7241282114852985, -0.2484735825868892, -1.2326267994995022]"
traveler (traveler.371),371,180.0,0.7113246369608929,2,,,3.2096778747988286,2.451625903950936,,,,,,2,,,,,,,,,"[-1.9697752861431033, 0.34144427376035874, 0.890553275655923, -0.3260183407154467]"
traveler (traveler.372),372,180.0,0.6575812283640676,4,,,1.948662712633686,2.141614359305021,,,,,,4,,,,,,,,,"[1.8676188230980704, 1.2181236959222164, 0.058820289615377684, 1.1921981020344505]"
traveler (traveler.373),373,180.0,0.19506832462775656,4,,,2.6180424419126123,2.344701470771976,,,,,,4,,,,,,,,,"[0.853478688942202, 3.0257857291958947, 1.3009589295607566, -0.10692374387003281]"
traveler (traveler.374),374,180.0,0.2534194430020266,4,,,2.5291194558235297,2.2482591185683205,,,,,,4,,,,,,,,,"[2.4092576052223382, 1.5152671818772114, 0.5449192404725811, -0.2868222498308126]"
traveler (traveler.375),375,180.0,0.945032145566831,0,0.0,1.1371112800139052,1.9655660822319452,3.279401144272791,SAV (sav.4),,,,False,0,-1.904560922736621,-1.904560922736621,normal,,,,,,"[2.545712948203606, -0.345863588037558, -0.6396770251328202, -0.6654002499851638]"
traveler (traveler.376),376,180.0,0.7202635750242803,1,,,3.102686659945463,2.105603743133205,,,,,,1,,,,,,,,,"[1.2090423138069322, 1.651703951556701, -0.07068087354140414, -1.5621616508794416]"
traveler (traveler.377),377,180.0,0.6174777851303102,4,,,2.929139194294848,2.9439801426296026,,,,,,4,,,,,,,,,"[0.05724045683712244, 0.8563250282420022, -0.2179965341870287, -1.3709374405713497]"
traveler (traveler.378),378,180.0,0.1791741670216646,4,,,2.583778107634479,2.658381219875,,,,,,4,,,,,,,,,"[4.6372225222610215, -0.3268249150537634, 1.0522542878519756, 3.058340765003706]"
traveler (traveler.379),379,180.0,0.9254731010974927,1,,,3.389842934515954,2.2456773451950354,,,,,,1,,,,,,,,,"[-0.46296062550473743, 2.2967709581534406, 0.36536546618292765, 2.199027628802286]"
traveler (traveler.380),380,180.0,0.29493313154937734,4,,,2.3893993752444844,2.7734100471621552,,,,,,4,,,,,,,,,"[-2.1888539810744736, -0.2765459651273721, -0.14161034372524883, 1.2443467689193828]"
traveler (traveler.381),381,180.0,0.5676048820811367,4,,,3.0354855197406256,2.31176992718895,,,,,,4,,,,,,,,,"[2.674903162977521, -0.6365179840117176, -1.0920376989510852, -0.6125149164733782]"
traveler (traveler.382),382,180.0,0.5806176905098892,4,,,2.4626992860576413,3.079418293871041,,,,,,4,,,,,,,,,"[-0.738178151457393, 1.815749097746788, -0.30285730950442835, -0.3758490823073451]"
traveler (traveler.383),383,187.5,1.3223991007909697,2,,,1.2584990582678524,2.044571856984051,,,,,,2,,,,,,,,,"[2.4317187733612755, -1.236465824644481, 0.9410393455477154, 0.3042546975827427]"
traveler (traveler.384),384,187.5,2.067984681443155,2,,,4.256594201390197,1.4086991916405984,,,,,,2,,,,,,,,,"[0.5108802016564532, -0.36969089013980827, 1.4278735740534125, -1.304654223457621]"
traveler (traveler.385),385,187.5,2.4877526246879675,1,,,0.03259156643655392,2.1824960730607406,,,,,,1,,,,,,,,,"[-0.39779736020410245, -0.9987260114993647, -0.19533169912679324, 0.31681447943793906]"
traveler (traveler.386),386,187.5,1.8620249600137118,1,,,0.9350330487816222,1.4910325112728762,,,,,,1,,,,,,,,,"[0.5693768431816908, 1.600636495241586, 0.35172608010351125, 2.190760300639032]"
traveler (traveler.387),387,187.5,1.9927971672107727,1,,,4.4309820045343615,2.007507311924595,,,,,,1,,,,,,,,,"[-0.3002615904884165, 1.3090887463298242, -0.7300997200217844, 0.35848198909501205]"
traveler (traveler.388),388,187.5,2.2540448650998197,1,,,0.3604094444095457,1.790866367804349,,,,,,1,,,,,,,,,"[-1.9756391983525725, -0.22720638554087857, -0.46708144581728184, 0.903054546273653]"
traveler (traveler.389),389,187.5,2.6971825295497367,1,,,4.942620847631782,1.3561481772437007,,,,,,1,,,,,,,,,"[-0.420575919198917, 1.9276379498455922, -0.5181891398864296, 1.1414704010577708]"
traveler (traveler.390),390,187.5,1.6942433812025073,1,,,1.0716570338866716,3.4112063465006615,,,,,,1,,,,,,,,,"[-0.5955640812085777, -0.3650193457584415, -0.8425976718975207, -1.1469667485244683]"
traveler (traveler.391),391,187.5,0.45324311093282654,4,,,2.640744004610908,2.930836909716602,,,,,,4,,,,,,,,,"[0.45097728726340985, -0.2117757169639532, -0.14060827067181866, 1.0166599429347796]"
traveler (traveler.392),392,187.5,0.5349691823793284,4,,,2.872559473734781,2.1160840396309757,,,,,,4,,,,,,,,,"[0.15663705958576435, -0.9586529363421978, 0.21127064058968215, -0.17113705816064367]"
traveler (traveler.393),393,187.5,0.9896707792078352,2,,,1.9196915152063263,3.301679682725161,,,,,,2,,,,,,,,,"[3.1504155334846704, 0.6347110349915308, 1.0352627739378446, -0.24223417548223647]"
traveler (traveler.394),394,187.5,0.9313938804964843,2,,,2.96585491080992,1.6934804635344656,,,,,,2,,,,,,,,,"[0.12159288474405897, -0.1760963384279584, 3.670976395538932, -1.149720919489036]"
traveler (traveler.395),395,187.5,0.3411277700656199,4,,,2.822900997814431,2.610014095098707,,,,,,4,,,,,,,,,"[7.123589939691934, 1.6514760248746985, 1.914901216154276, 0.39409741384303054]"
traveler (traveler.396),396,187.5,0.32331206492615455,4,,,2.3572487962634723,2.790090994618217,,,,,,4,,,,,,,,,"[-1.401330490712499, 0.8480268091311877, 3.9875815057321855, 1.554450505166594]"
traveler (traveler.397),397,187.5,0.510730626362097,4,,,2.0011291006002363,2.6094239390457625,,,,,,4,,,,,,,,,"[-2.237329323263034, 0.31474353695783974, -1.0021494683187473, -0.8858330391714863]"
traveler (traveler.398),398,187.5,0.9049826070943205,1,,,1.7261336592263494,2.030825825773803,,,,,,1,,,,,,,,,"[0.6150076195254036, 2.065274618241495, 2.383222149009843, 0.23053982535185752]"
traveler (traveler.399),399,187.5,0.9012150705579619,3,,,2.814825142582839,1.6555630674831379,,,,,,3,,,,,,,,,"[0.9562565110607383, -0.650734992749053, -0.16759731515919282, 0.252859303694421]"
traveler (traveler.400),400,187.5,0.4750444044648005,4,,,2.585068943710155,2.9673654469784383,,,,,,4,,,,,,,,,"[4.279277234757918, -0.5704453072328273, 0.22351205786363146, 0.03157956737942435]"
traveler (traveler.401),401,187.5,0.8284288978282006,2,,,1.8610205903129322,3.0272568185930018,,,,,,2,,,,,,,,,"[-2.640366605407493, -0.0789417090511769, 2.752030753458866, 0.1796430008685319]"
traveler (traveler.402),402,187.5,0.43836686480732895,4,,,2.9187155777749387,2.3702202901467015,,,,,,4,,,,,,,,,"[2.896033601802108, -0.05900744777242312, 1.283600405822028, 1.5990802830452029]"
traveler (traveler.403),403,187.5,0.41715821123884295,4,,,2.9094027778736447,2.419935409366348,,,,,,4,,,,,,,,,"[4.169234668692657, -1.1151053392300754, -0.5004249991475742, 0.8916370339840745]"
traveler (traveler.302),302,157.5,0.84118113722903,,,,2.1085312868021884,1.7554612486799805,SAV (sav.3),1,5.64357727262604,1.0,False,,,,,2.1085312868021884,1.7554612486799805,,,,
traveler (traveler.289),289,157.5,1.9744643006864642,,,,0.5782571278333964,2.046774219662934,SAV (sav.3),2,11.539130557207708,1.2535526059816755,False,,,,,0.5782571278333964,2.046774219662934,,,,
traveler (traveler.280),280,157.5,2.3918534194946637,,,,0.5125585900982399,1.1691959488504629,SAV (sav.3),3,15.30481073700363,1.4552628863236272,False,,,,,0.5125585900982399,1.1691959488504629,,,,
traveler (traveler.278),278,157.5,2.8397715906080725,,,,0.9271791383802253,0.13556830843470313,SAV (sav.3),4,19.804787877089968,1.660842769701032,False,,,,,0.9271791383802253,0.13556830843470313,187.22932898260052,"[2.0, 5.64357727262604, 11.539130557207708, 15.30481073700363, 19.804787877089968, 29.729328982600528]","[1.1896097726817179, 3.3926087507434683, 4.637164831651633, 6.2121545446904864, 10.22819804217024]",
traveler (traveler.404),404,195.0,3.2637932564481047,0,0.0,1.1371112800139052,0.04706749452903225,4.653013828204558,SAV (sav.3),,,,False,0,7.874119391500451,7.874119391500451,normal,,,,,,"[13.743985992255793, 1.724955373295276, -1.1663565211644518, 0.5196089540596587]"
traveler (traveler.405),405,195.0,1.796830485798716,3,,,2.580864882601489,0.7049900653596658,,,,,,3,,,,,,,,,"[-0.19581099201354984, -0.547042863344165, -0.7973273668104941, 2.4413428606970347]"
traveler (traveler.406),406,195.0,2.377558409292034,2,,,0.42683531122451046,3.663946804115075,,,,,,2,,,,,,,,,"[-1.5416416550501546, 0.5087137892172146, 2.496781876387441, 0.8706395133141197]"
traveler (traveler.407),407,195.0,1.5756168227290848,1,,,3.260413184133912,3.8799783192000596,,,,,,1,,,,,,,,,"[2.448185385798982, 1.954213439508074, -0.17841405304817684, 1.6758710104246162]"
traveler (traveler.408),408,195.0,2.1915015589799327,0,0.0,1.1371112800139052,0.4966985476308472,3.3885169519750984,SAV (sav.3),,,,False,0,0.26021531232724904,0.26021531232724904,normal,,,,,,"[5.473603118943943, -0.6119131939938867, 0.7345594437927506, 0.6569941005377409]"
traveler (traveler.409),409,195.0,1.5241146653025441,1,,,3.7445657109152766,1.6202377001688246,,,,,,1,,,,,,,,,"[-1.9913147037798964, 0.8593255219201236, -1.5861108887518731, -0.9198823409005871]"
traveler (traveler.410),410,195.0,0.5690972060325122,4,,,2.403276844252235,3.060817493536182,,,,,,4,,,,,,,,,"[-2.0485092058261762, -1.283381654447975, 0.45503317763596884, 2.2939017414930962]"
traveler (traveler.411),411,195.0,0.6711204768726063,4,,,2.243966866920491,1.8796374211453395,,,,,,4,,,,,,,,,"[-0.8031332679041615, -0.0649161343907409, -0.5609437696849588, 1.5960721379907539]"
traveler (traveler.412),412,195.0,0.6846382634998945,4,,,2.9224836985929468,1.9612634444634602,,,,,,4,,,,,,,,,"[1.4149728538158421, -0.4470773542833455, 0.13584817980939645, 1.363833621590227]"
traveler (traveler.413),413,195.0,0.3831324345817596,4,,,2.1410723070264903,2.6340200494152284,,,,,,4,,,,,,,,,"[0.4364496995253032, -0.8179493190091733, 5.203740337044575, 0.025986745897751417]"
traveler (traveler.414),414,195.0,0.8103886329820779,2,,,2.3310831250359474,1.7074113135939049,,,,,,2,,,,,,,,,"[-1.4504706087518477, -1.3096017885747224, 1.5258540938975338, 1.5186656587058796]"
traveler (traveler.415),415,195.0,0.4952499170314352,4,,,2.724365051446653,2.05848804771673,,,,,,4,,,,,,,,,"[2.6725820591853755, 0.2720211541446844, 0.268712349685857, 1.157115330815553]"
traveler (traveler.416),416,195.0,0.596086363455139,4,,,2.97851891002881,2.855441423362573,,,,,,4,,,,,,,,,"[-0.9438801469910457, 0.16078867639438185, 0.1914030576212569, 1.4906436896213946]"
traveler (traveler.417),417,195.0,0.4810841758604489,4,,,2.9422054859107085,2.310536830772307,,,,,,4,,,,,,,,,"[-1.0487948065551724, 2.133775527404683, -0.008916457226631428, 1.1973880292895727]"
traveler (traveler.418),418,195.0,0.9572443667818454,2,,,1.9206994931527246,1.7379450803898278,,,,,,2,,,,,,,,,"[1.7250629879986146, 0.7170261861335324, 2.7486227884703793, 1.4543519053636593]"
traveler (traveler.419),419,195.0,0.8138843002351407,2,,,2.646964522982959,1.6994944827462861,,,,,,2,,,,,,,,,"[0.2859985326987253, 0.6976829934519962, 1.4421780691213233, -1.0825711377789742]"
traveler (traveler.420),420,195.0,0.5580167966506555,4,,,3.057968509273996,2.492659155170316,,,,,,4,,,,,,,,,"[2.5090689213291397, 0.5688352200894017, -0.4988061929108682, -0.30131762271614587]"
traveler (traveler.421),421,195.0,0.9838388887374002,3,,,1.719720654157613,1.9007478815691852,,,,,,3,,,,,,,,,"[3.6365980768881694, -0.9656921439026972, 0.9760853163359592, 1.9187889544720318]"
traveler (traveler.422),422,195.0,0.9196934553302766,2,,,2.47493305063801,1.5806482175864198,,,,,,2,,,,,,,,,"[-0.20201298453921496, -1.0169342895615574, 2.2853814615549277, -0.8188799658946937]"
traveler (traveler.423),423,195.0,0.29310795370307996,4,,,2.688047258048914,2.275165613696899,,,,,,4,,,,,,,,,"[0.390767768413053, 3.203804474500798, -0.9655960335582727, 2.5901962558272036]"
traveler (traveler.424),424,195.0,0.3591384610068456,4,,,2.4235249859429286,2.850901704754104,,,,,,4,,,,,,,,,"[-1.105318585112072, 0.3347556528940816, -0.9069075099699999, 0.9450764924593422]"
traveler (traveler.425),425,202.5,2.6863675799453732,2,,,0.38399519724904296,4.155020981533601,,,,,,2,,,,,,,,,"[-1.4958382410299578, 0.11394510845453465, 1.7845497415460099, 1.0074863059496617]"
traveler (traveler.375),375,180.0,0.945032145566831,,,,1.9655660822319452,3.279401144272791,SAV (sav.4),1,5.969949504753684,1.0,False,,,,,1.9655660822319452,3.279401144272791,,,,
traveler (traveler.363),363,180.0,1.0365667605056237,,,,3.3958513386670486,3.0214604759649384,SAV (sav.4),2,11.537412861204484,1.843739631650929,False,,,,,3.3958513386670486,3.0214604759649384,195.79502790789826,"[2.0, 5.969949504753684, 11.537412861204484, 15.795027907898255]","[1.3364772771391575, 3.3918357875420178, 4.857762558554215]",
traveler (traveler.426),426,202.5,2.2931690734379813,0,0.0,1.1371112800139052,0.2470978164707438,2.9278506174139722,SAV (sav.4),,,,False,0,-0.008122487308448001,-0.008122487308448001,normal,,,,,,"[5.267508240196362, 0.8225286806423179, 3.0626110599382836, -1.111617457026049]"
traveler (traveler.427),427,202.5,1.8287477944470039,1,,,4.285918190181188,2.106534990533171,,,,,,1,,,,,,,,,"[2.539935615564842, 2.1105213788109247, -0.8593784228417224, -0.48900651049789523]"
traveler (traveler.428),428,202.5,1.8662358704253563,2,,,4.304578235568653,2.9757454316903265,,,,,,2,,,,,,,,,"[-0.2405863932575853, 0.10334003522090592, 4.495833996109379, 1.0826926155269283]"
traveler (traveler.429),429,202.5,1.279755027842008,1,,,2.6916987853971,3.765315971196197,,,,,,1,,,,,,,,,"[-0.45072829861796354, 2.0765552671938274, 1.465496250931996, 1.7802533975695245]"
traveler (traveler.430),430,202.5,2.2689797562734877,2,,,3.2693887841741596,4.634551482903587,,,,,,2,,,,,,,,,"[1.719228503174426, 0.02352500622105318, 1.5471918560963256, -0.6746890187161334]"
traveler (traveler.431),431,202.5,0.44953507514845803,4,,,2.691374878971938,2.906764599599333,,,,,,4,,,,,,,,,"[0.9631726366149355, -0.10015866098198585, 0.4711830575250787, -1.120622808131643]"
traveler (traveler.432),432,202.5,0.6622628075239038,4,,,2.0103359979455035,2.9458936995758265,,,,,,4,,,,,,,,,"[0.9238461161841133, -0.3075353365498051, -0.2063465191701628, 0.8358698010624493]"
traveler (traveler.433),433,202.5,0.3581053930755189,4,,,2.613179269063199,2.160250201465708,,,,,,4,,,,,,,,,"[-1.1997287643815144, -0.2462629771552758, -1.1666644402621458, 3.906916314922286]"
traveler (traveler.434),434,202.5,0.4308324204594052,4,,,2.0990191695680602,2.6575783873030234,,,,,,4,,,,,,,,,"[2.227739352460033, 2.312091519836711, 0.93448020079953, -0.4675663161513311]"
traveler (traveler.435),435,202.5,0.7934061464813976,0,0.0,1.1371112800139052,1.7208429855311256,2.6496918838094143,SAV (sav.4),,,,False,0,2.3382698729447844,2.3382698729447844,normal,,,,,,"[6.6957152222479435, 2.2106348792881887, 2.486124954991734, 0.7868622864647629]"
traveler (traveler.436),436,202.5,0.8865823010990194,1,,,3.3805845471286045,2.3970483998165024,,,,,,1,,,,,,,,,"[3.4251426403874867, 1.3223155126660975, 0.2080719906837077, -1.4535704052801468]"
traveler (traveler.437),437,202.5,0.1699848224753432,4,,,2.6697727109826426,2.4915108023006853,,,,,,4,,,,,,,,,"[6.267113873048641, 1.2672077478227433, 2.86681151889079, -0.08720747539786657]"
traveler (traveler.438),438,202.5,0.913864962724606,2,,,2.6615438281896666,1.6005263974582284,,,,,,2,,,,,,,,,"[-1.438735967732002, -0.7878611274500719, -0.43806738471781603, -0.5282891275494089]"
traveler (traveler.439),439,202.5,0.9298521635030318,1,,,2.2537522784090545,3.396653280584272,,,,,,1,,,,,,,,,"[0.12304479678034395, 1.1795297329588164, 0.4674781296903117, -0.2788527552440582]"
traveler (traveler.440),440,202.5,0.675104304362055,4,,,1.8845137632155884,2.222614863236803,,,,,,4,,,,,,,,,"[0.2290919159800785, 0.4185236629309199, 1.3390389334741921, 1.3528529419256057]"
traveler (traveler.441),441,202.5,0.5602028587710167,4,,,2.5607754240998135,1.9431036085583715,,,,,,4,,,,,,,,,"[-0.9301309524392767, 2.140570346297821, -0.6458412979608253, 1.1605966651634982]"
traveler (traveler.442),442,202.5,0.7935011973148554,1,,,3.2840702130242403,2.378024382812664,,,,,,1,,,,,,,,,"[1.3591226173615332, 1.027381990575118, 0.7800417609961716, -0.7852862982887442]"
traveler (traveler.443),443,202.5,0.12059303552538707,4,,,2.379815020240158,2.509912157048473,,,,,,4,,,,,,,,,"[3.25004715873083, -0.23010066154935593, 4.875233293558449, -0.5218908184624975]"
traveler (traveler.444),444,202.5,0.6515250492795411,4,,,2.8517242741175632,3.0484295076262597,,,,,,4,,,,,,,,,"[0.6580240478495084, 0.8573380612943462, 4.156920639467551, 0.1914250265625399]"
traveler (traveler.445),445,210.0,2.4739175580946484,1,,,0.23221470519916854,3.4886444967399015,,,,,,1,,,,,,,,,"[0.9095739739538969, 0.5053629194294185, 0.35912102037833227, 0.07216423559692284]"
traveler (traveler.446),446,210.0,2.1863784549486227,2,,,0.49267401503367725,1.6334590959784356,,,,,,2,,,,,,,,,"[-0.034718673036681795, -0.5152954790108712, 1.3451813507817747, -0.6598652706517956]"
traveler (traveler.447),447,210.0,1.4712385936673864,3,,,1.7736136457233787,1.2205837800711188,,,,,,3,,,,,,,,,"[2.1929864488062933, 0.3614945100356987, -0.18750549999184965, 1.2036408313517601]"
traveler (traveler.448),448,210.0,2.729276974930863,1,,,0.9569195722286838,4.751189818588574,,,,,,1,,,,,,,,,"[0.5167593760968717, 1.199376808075718, 2.469167678395639, 1.0487585343689303]"
traveler (traveler.449),449,210.0,0.3321445598487,4,,,2.828110107669549,2.448388316418047,,,,,,4,,,,,,,,,"[-2.0915214521658734, 1.1046142423951293, 0.17683194955545664, 2.198690117772889]"
traveler (traveler.450),450,210.0,0.9237860801624528,1,,,3.1206456816570416,3.1842365524746366,,,,,,1,,,,,,,,,"[-0.027258612840940825, -0.19983026890178918, -0.4916118069976971, -0.23965966026780444]"
traveler (traveler.451),451,210.0,0.5966360251630425,4,,,3.0752365196832008,2.6583587476115964,,,,,,4,,,,,,,,,"[1.2595813115514636, 0.2593756560317268, 2.130990026543963, 0.9784796584138014]"
traveler (traveler.452),452,210.0,0.817738686922285,1,,,1.7592877746642328,2.8464707192931584,,,,,,1,,,,,,,,,"[0.06660291124866469, 0.8377087239858367, 0.28934545828233965, 0.6596617685769137]"
traveler (traveler.453),453,210.0,0.9598854100182475,3,,,2.3616153382169793,1.5501422813130916,,,,,,3,,,,,,,,,"[-2.065325017378612, 0.7406576103457415, -0.7144388855499196, 3.4571789109227975]"
traveler (traveler.454),454,210.0,0.4391342240863553,4,,,2.6239870726847947,2.921267222284123,,,,,,4,,,,,,,,,"[-0.05636844690178789, 2.7105564313684134, -0.8624141021966476, 1.3204036538202137]"
traveler (traveler.455),455,210.0,0.9960491727369093,2,,,3.0765720229519697,1.6877939566471112,,,,,,2,,,,,,,,,"[-1.1169473250576785, -0.6479232884856134, 0.4375459861061909, -0.1096093485482334]"
traveler (traveler.315),315,165.0,0.8993882899516036,,,,3.3982696321472172,2.5448437739733523,SAV (sav.2),1,5.826504705531342,1.0,False,,,,,3.3982696321472172,2.5448437739733523,,,,
traveler (traveler.313),313,165.0,2.9111877700962654,,,,1.0053914322909434,4.998231266734277,SAV (sav.2),2,17.596823438957323,1.4484197610035565,False,,,,,1.0053914322909434,4.998231266734277,192.74580394359026,"[2.0, 5.826504705531342, 17.596823438957323, 27.74580394359027]","[1.2719271174891036, 6.118570547530794, 10.23561177461562]",
traveler (traveler.456),456,210.0,0.9327989151875655,0,0.0,1.1371112800139052,1.9926524484016812,3.2827593998555944,SAV (sav.2),,,,False,0,0.7959294043022807,0.7959294043022807,normal,,,,,,"[5.238713842705855, 1.917467245132256, 0.7654762705252663, 2.0455662954580967]"
traveler (traveler.457),457,210.0,0.7187201213054261,1,,,3.1913362624821797,2.696501361182199,,,,,,1,,,,,,,,,"[2.043798467433681, 2.1694956355693717, -0.34462963795894425, 0.2841294781981783]"
traveler (traveler.285),285,157.5,2.26070938804405,,,,4.759450942373005,2.4245786754276732,SAV (sav.1),1,10.104724171457946,1.0,False,,,,,4.759450942373005,2.4245786754276732,,,,
traveler (traveler.283),283,157.5,2.6991242100366852,,,,3.5204225309006376,0.0011984153125527142,SAV (sav.1),2,19.658382425470275,1.712025492887893,False,,,,,3.5204225309006376,0.0011984153125527142,186.64091145738905,"[2.0, 10.104724171457946, 19.658382425470275, 29.140911457389045]","[3.197125877156076, 7.046272091461624, 10.863410155825072]",
traveler (traveler.458),458,217.5,2.459006117386876,0,0.0,1.1371112800139052,4.917205515915138,2.048526214298651,SAV (sav.1),,,,False,0,0.3946301085118016,0.3946301085118016,normal,,,,,,"[5.771789648458358, -0.3020917997605813, 1.4095339653318928, -0.878504977683234]"
traveler (traveler.459),459,217.5,1.7043306036068357,2,,,3.209834834908065,0.9505235356605507,,,,,,2,,,,,,,,,"[1.7333207431177087, 0.2496616827211572, 1.733818647777547, 1.8505566442420354]"
traveler (traveler.460),460,217.5,2.38989033477148,1,,,0.15513363934394064,2.038288441884173,,,,,,1,,,,,,,,,"[-1.1620689140798812, 2.109883868872082, 0.2868817304400274, -0.9138496414418738]"
traveler (traveler.461),461,217.5,0.8569715300137047,0,0.0,1.1371112800139052,1.7449384688627865,2.094682485635327,SAV (sav.1),,,,False,0,2.1132582681113465,2.1132582681113465,normal,,,,,,"[6.5096196385203084, 0.8999560011794064, -0.41659585519320574, -0.5602090388018414]"
traveler (traveler.462),462,217.5,0.8691191120293079,1,,,1.6938839798924012,2.8248768890218234,,,,,,1,,,,,,,,,"[0.8698614191488292, 0.6786569215309619, 0.5868918085846542, -0.40185618349365343]"
traveler (traveler.463),463,217.5,0.8027368273375336,1,,,2.0747058238703198,3.180816625615228,,,,,,1,,,,,,,,,"[-1.2797613073726495, 0.6832112316629999, -1.8106258007480074, -0.5061952836437696]"
traveler (traveler.464),464,217.5,0.41743982143787495,4,,,2.1336992624515805,2.7001993361466736,,,,,,4,,,,,,,,,"[-1.98521671358873, 0.18644405272062203, -0.7941760232004809, 0.43092814947120667]"
traveler (traveler.465),465,217.5,0.5547345528945045,4,,,2.9056216131085506,2.8784197816635424,,,,,,4,,,,,,,,,"[4.75068745286891, 0.2340608136064973, 0.3508255192821939, 1.1329744847932293]"
traveler (traveler.466),466,217.5,0.8462978895290785,1,,,3.3276429326147605,2.676712461117521,,,,,,1,,,,,,,,,"[-1.0451620661253542, 1.3557605235874584, 0.6452805305238873, -0.7287067038409576]"
traveler (traveler.467),467,217.5,0.6249212535716717,4,,,1.9434699629802896,2.2157450245634576,,,,,,4,,,,,,,,,"[4.122509089888872, 0.4544927594330509, 0.49144325541574047, 0.4108226409831358]"
traveler (traveler.468),468,225.0,1.013562990481498,2,,,1.925222085070134,1.665170505921914,,,,,,2,,,,,,,,,"[-0.0763218194196852, -1.2346424904704754, 0.22913948782931162, -0.44234523715497565]"
traveler (traveler.469),469,225.0,3.4312000759251555,3,,,4.909061033594504,0.05673192272207361,,,,,,3,,,,,,,,,"[1.2204292726523718, -0.8562177395398504, -0.7058734766244072, 2.8893623074741144]"
traveler (traveler.470),470,225.0,0.26358392950924786,4,,,2.4526000751176626,2.2407130257481396,,,,,,4,,,,,,,,,"[-0.15051786954202065, 0.023391764522965416, -0.16223289760194035, 2.501070794479577]"
traveler (traveler.471),471,225.0,0.3281128194578495,4,,,2.4804408851647306,2.172470668001414,,,,,,4,,,,,,,,,"[4.369014231932478, 0.7547404486358561, 0.9644557649525073, 0.18146528979612692]"
traveler (traveler.472),472,225.0,0.8693048974021008,3,,,2.8252536925379346,3.3061644001924892,,,,,,3,,,,,,,,,"[2.555101732624641, 0.14557138880463852, 0.8838513791025973, 1.5906234601503062]"
traveler (traveler.473),473,225.0,0.6270325490316532,4,,,2.3518515456997857,3.1092797822294695,,,,,,4,,,,,,,,,"[-0.757841776880692, -0.09179638848338038, 0.29985238389819185, -0.796322095888543]"
traveler (traveler.474),474,225.0,0.8632463513269375,3,,,1.6477042828506903,2.637063027867525,,,,,,3,,,,,,,,,"[3.0050051368036836, -0.3883070580055253, -1.2489919593287406, 1.0103470694435586]"
traveler (traveler.475),475,225.0,0.8801567912185466,2,,,3.3440148158719483,2.2503703388682155,,,,,,2,,,,,,,,,"[-1.659973729828865, 0.9403920569979859, 1.3651616249890315, -1.0437370349514612]"
traveler (traveler.435),435,202.5,0.7934061464813976,,,,1.7208429855311256,2.6496918838094143,SAV (sav.4),1,5.493434961831483,1.0,False,,,,,1.7208429855311256,2.6496918838094143,,,,
traveler (traveler.426),426,202.5,2.2931690734379813,,,,0.2470978164707438,2.9278506174139722,SAV (sav.4),2,11.206743782983423,1.097975371171907,False,,,,,0.2470978164707438,2.9278506174139722,221.91347890402906,"[2.0, 5.493434961831483, 11.206743782983423, 19.413478904029063]","[1.122045732824167, 3.2430347023425403, 6.486065506813078]",
traveler (traveler.476),476,225.0,0.9562893329672292,0,0.0,1.1371112800139052,2.514463560640108,3.456179948420023,SAV (sav.4),,,,False,0,-1.0193971568636715,-1.0193971568636715,normal,,,,,,"[3.437768593242882, -0.6030023138375423, -0.39735732928639306, 0.03944197341752415]"
traveler (traveler.477),477,232.5,1.0263072848104537,1,,,3.501248532502162,2.7254063420076573,,,,,,1,,,,,,,,,"[2.2277801904400634, -0.1621211642810472, 0.10419274234116063, 0.10385980155564044]"
traveler (traveler.478),478,232.5,0.8976342380017824,3,,,2.496978188915821,3.3976291516493946,,,,,,3,,,,,,,,,"[1.4249979772994892, 0.24024910778092648, 0.3795165167851829, 3.7502123135075727]"
traveler (traveler.479),479,232.5,0.8267898159550621,1,,,2.516161077564422,1.6733681476382838,,,,,,1,,,,,,,,,"[-2.0869948345794263, 2.1196110122560547, 0.8552194636664714, 1.2714612591428314]"
traveler (traveler.480),480,232.5,0.5402206890530045,4,,,2.828243251127816,2.929062653897941,,,,,,4,,,,,,,,,"[-0.2164659980050131, -0.8349152121127618, -0.013737472423103289, 0.8898419798136039]"
traveler (traveler.481),481,232.5,0.6072707201806297,4,,,2.5393664397809,3.1059934083863268,,,,,,4,,,,,,,,,"[0.9284567737116414, 1.0950181462098771, 0.7956080561294268, -0.23854031464532682]"
traveler (traveler.482),482,232.5,0.974838988035467,1,,,1.683679633161255,1.967147195486155,,,,,,1,,,,,,,,,"[-2.028406952389263, 3.265428245933735, -1.3469459475680368, 2.4475553100165692]"
traveler (traveler.483),483,232.5,0.5346541004989332,4,,,2.1024821656493327,2.857539618159273,,,,,,4,,,,,,,,,"[1.0821554660507708, 4.291258198836812, -0.44161528421031354, -0.30019456978021236]"
traveler (traveler.484),484,232.5,0.23513273421812037,4,,,2.725100684380898,2.5679491323869597,,,,,,4,,,,,,,,,"[-0.5321129880139828, 0.2665591125541151, -1.0618071770103616, 1.1572900548882044]"
traveler (traveler.485),485,240.0,2.60057506033967,1,,,1.2629533823652221,0.21248905789304884,,,,,,1,,,,,,,,,"[1.5550042342381503, 1.4414133573238106, -1.2521887965235377, 0.30468406089992667]"
traveler (traveler.486),486,240.0,2.799772735356189,2,,,3.8597410563691454,4.94741325265432,,,,,,2,,,,,,,,,"[-0.21545752256235942, -0.027440231994474505, 2.073386592440816, 0.4024443649807738]"
traveler (traveler.487),487,240.0,2.2804124848085383,1,,,2.997423240688908,0.2744997819606493,,,,,,1,,,,,,,,,"[2.7644579134172482, 0.14314598035651982, 0.17565933514504198, -0.6530390418502564]"
traveler (traveler.488),488,240.0,2.2215897640195434,2,,,4.429008719072353,3.6019920332467246,,,,,,2,,,,,,,,,"[-1.7168066324521127, -1.5250056344438314, 0.6032220753731702, -0.2687114424645364]"
traveler (traveler.476),476,225.0,0.9562893329672292,,,,2.514463560640108,3.456179948420023,SAV (sav.4),1,6.00532743163328,1,False,,,,,2.514463560640108,3.456179948420023,234.01065486326655,"[2, 6.00532743163328, 9.01065486326656]","[1.3523973442349762, 2.7047946884699523]",
traveler (traveler.489),489,240.0,0.7671599601947757,0,0.0,1.0835873998381003,3.0588155358569873,3.0256040348122513,SAV (sav.4),,,,False,0,0.9861276647218817,0.9861276647218817,normal,,,,,,"[5.310142139449265, 1.0426945921373283, 1.4135672232588865, 1.457555859416002]"
traveler (traveler.490),490,240.0,0.554146800890584,4,,,1.9461548847053778,2.5182829210345377,,,,,,4,,,,,,,,,"[3.240975947817663, -0.8126029353912838, -0.3485138729614239, 2.1928106020668423]"
traveler (traveler.491),491,240.0,0.38189860612898335,4,,,2.675764343364416,2.1609521553453908,,,,,,4,,,,,,,,,"[-0.2597908987560029, 1.5978532831116943, -0.517130514657525, 2.5671420838741947]"
traveler (traveler.492),492,240.0,0.5587799369518123,4,,,2.110903776981692,2.901047562232659,,,,,,4,,,,,,,,,"[4.582043267627427, 0.5443055796622038, -0.6899375440134498, 2.5236668910863402]"
traveler (traveler.493),493,240.0,0.9636241779915169,2,,,3.448453085339759,2.6703182354280317,,,,,,2,,,,,,,,,"[-0.5950155981482452, 0.21855899965017947, 0.9830662085219648, 0.4269536430904125]"
traveler (traveler.494),494,240.0,0.4963774333048816,4,,,2.009013400025419,2.4270430610583,,,,,,4,,,,,,,,,"[0.40743490058139004, -0.45249198903572135, 0.04946651548478648, -1.002352151125977]"
traveler (traveler.495),495,240.0,0.43053014843820586,4,,,2.8502909092601243,2.7503047894147032,,,,,,4,,,,,,,,,"[-1.320636895332184, 2.0235448274589825, 2.682413497407805, 0.7375871300288629]"
traveler (traveler.496),496,240.0,0.5684220620283225,4,,,1.9611361981238349,2.680912806700065,,,,,,4,,,,,,,,,"[5.153578219551481, 1.1128702901307337, -0.34563552715757895, -0.6549835457979502]"
traveler (traveler.497),497,240.0,0.40718596784254457,4,,,2.0930595962964804,2.4858606845467617,,,,,,4,,,,,,,,,"[1.469224673360713, 2.5307928996199998, 1.7120953407456194, 2.4463096572673995]"
traveler (traveler.498),498,247.5,1.9086433246148073,1,,,3.0030560717298616,4.34115559616573,,,,,,1,,,,,,,,,"[-1.187176881247108, 1.9007299035986556, 0.07731636796391674, -0.7760080564466886]"
traveler (traveler.499),499,247.5,1.6202627271308891,2,,,2.6319748919557098,4.114878922031898,,,,,,2,,,,,,,,,"[-0.754625457908383, -0.9057241424245264, 0.8023138477729184, -0.4229878636368237]"
traveler (traveler.500),500,247.5,2.0082473966201984,2,,,2.0134875320785532,0.5515741675422214,,,,,,2,,,,,,,,,"[-1.798921456915371, -0.1203471460215272, 4.166066159323647, 3.4157736280228965]"
traveler (traveler.501),501,247.5,1.5835453531760602,1,,,2.810262142511626,0.9471467266706785,,,,,,1,,,,,,,,,"[-1.0768640836317955, 0.8665849365643489, 1.276405839338516, 0.7171798764317446]"
traveler (traveler.502),502,247.5,0.4815316870611153,4,,,2.631610746403658,2.963196909612959,,,,,,4,,,,,,,,,"[-0.5196599836483642, 2.172048350201045, 1.1403475281239224, 1.1349214843645032]"
traveler (traveler.503),503,247.5,0.849076462810336,3,,,2.885366187126382,1.7434130971803792,,,,,,3,,,,,,,,,"[-0.004276625195334604, -0.9929128715213428, 0.1701727151653001, 2.296283684569753]"
traveler (traveler.408),408,195.0,2.1915015589799327,,,,0.4966985476308472,3.3885169519750984,SAV (sav.3),1,9.887224948158227,1.0,False,,,,,0.4966985476308472,3.3885169519750984,,,,
traveler (traveler.404),404,195.0,3.2637932564481047,,,,0.04706749452903225,4.653013828204558,SAV (sav.3),2,15.104907225390487,1.1393813747713595,False,,,,,0.04706749452903225,4.653013828204558,221.36201986550327,"[2.0, 9.887224948158227, 15.104907225390487, 26.362019865503285]","[3.0992512266712025, 4.997208251425719, 9.612908939476478]",
traveler (traveler.504),504,247.5,0.8911411807523919,0,0.0,1.0835873998381003,1.8214392811760012,3.077657298838875,SAV (sav.3),,,,False,0,-1.4823969118511031,-1.4823969118511031,normal,,,,,,"[2.9162711435132347, -0.5149966859282689, 0.2810573651119362, 0.6171845142478469]"
traveler (traveler.505),505,247.5,0.8075807238425752,2,,,2.6488018687590156,1.7062464933142516,,,,,,2,,,,,,,,,"[-0.40609003287660916, 1.1727761224408784, 2.828586134903293, -0.6142621280557968]"
traveler (traveler.506),506,247.5,0.4576804772292295,4,,,2.4445956271230918,2.9543146208332853,,,,,,4,,,,,,,,,"[-1.8507268034085353, 0.7153228727591883, 0.38412217809987265, 0.9084789369615406]"
traveler (traveler.507),507,247.5,0.8817643031132189,1,,,1.7551315543220407,2.0281109400737907,,,,,,1,,,,,,,,,"[0.8950506991980114, 4.780350077861725, 0.6349164009784461, -0.05648779334206576]"
traveler (traveler.508),508,247.5,0.20413611042592492,4,,,2.472124303164663,2.702223878673538,,,,,,4,,,,,,,,,"[-0.2068122680815722, 1.2542850430626251, -0.22164418623392448, -0.5211613078923623]"
traveler (traveler.509),509,247.5,0.6349443879006947,4,,,2.140995738529279,3.0237082355400284,,,,,,4,,,,,,,,,"[6.65235872711358, -1.1409192921456353, -0.0813666885144906, -1.4668033742583524]"
traveler (traveler.456),456,210.0,0.9327989151875655,,,,1.9926524484016812,3.2827593998555944,SAV (sav.2),1,5.93150417072259,1,False,,,,,1.9926524484016812,3.2827593998555944,218.86300834144518,"[2, 5.93150417072259, 8.86300834144518]","[1.3191768768251657, 2.6383537536503314]",
traveler (traveler.510),510,247.5,0.8626474062079855,0,0.0,1.0835873998381003,3.246158126479325,2.0670928532280524,SAV (sav.2),,,,False,0,2.746495279831173,2.746495279831173,normal,,,,,,"[7.128006202155241, 2.933575804399324, 0.19140877655025873, -0.03165715703222059]"
traveler (traveler.511),511,247.5,0.9697840213593154,1,,,3.4697829808985645,2.498579421477092,,,,,,1,,,,,,,,,"[1.0843154849911876, 0.7049162896623895, 0.20390962049110442, 0.21297741952403715]"
traveler (traveler.512),512,247.5,0.8087023104805905,3,,,3.023781274391099,3.116159560157823,,,,,,3,,,,,,,,,"[3.0112082740744683, 0.338629934810433, -1.2625293301078988, 1.5164016648698833]"
traveler (traveler.513),513,255.0,2.121928389380066,3,,,4.201473152451218,3.7678995232843953,,,,,,3,,,,,,,,,"[-2.1473966473328536, 0.4941146942436218, 1.0747035895857586, 1.8823388370248357]"
traveler (traveler.489),489,240.0,0.7671599601947757,,,,3.0588155358569873,3.0256040348122513,SAV (sav.4),1,5.4109511560379016,1,False,,,,,3.0588155358569873,3.0256040348122513,247.8219023120758,"[2, 5.4109511560379016, 7.821902312075803]","[1.0849280202170557, 2.1698560404341114]",
traveler (traveler.514),514,255.0,1.3417797701342737,0,0.0,1.0835873998381003,1.5740299534625146,3.471057374441362,SAV (sav.4),,,,False,0,0.7678675804479802,0.7678675804479802,normal,,,,,,"[5.437881442211361, -1.4344269207833065, -0.795741901802283, -0.4147783521312693]"
traveler (traveler.515),515,255.0,0.8021512149796363,0,0.0,1.0835873998381003,2.0445235495398295,3.160293703415011,SAV (sav.4),,,,False,0,-0.8485180782128516,-0.8485180782128516,normal,,,,,,"[3.4965658975963985, 0.04173591794136443, -1.1010756585081407, -0.961135888357699]"
traveler (traveler.516),516,255.0,0.5011325265588014,4,,,2.135413191601346,2.843817201892068,,,,,,4,,,,,,,,,"[3.105901296538139, 0.26792435833473416, -0.47795462687480295, 1.4541948167276588]"
traveler (traveler.517),517,255.0,0.37577061534270617,4,,,2.769053887925188,2.7623233896307693,,,,,,4,,,,,,,,,"[-2.050243629544876, 0.6042869222089261, -0.40287424183457027, 0.5106007393461572]"
traveler (traveler.518),518,255.0,0.5105880699246763,4,,,2.0928501210880435,2.1918942498891245,,,,,,4,,,,,,,,,"[0.4069444360370112, 0.6073873040303255, -0.7095405699069328, 0.38883341434497126]"
traveler (traveler.519),519,255.0,0.835251990924106,2,,,3.322580891896606,2.6449364158148896,,,,,,2,,,,,,,,,"[-1.7536612520974186, -0.26733014516774406, 0.44811957254038853, 0.29299536957880146]"
traveler (traveler.520),520,255.0,0.13696406108135556,4,,,2.6328474748759167,2.466672797192234,,,,,,4,,,,,,,,,"[-1.7014102963997364, 0.5375666455453155, 1.1931541141852449, 0.5748846552308121]"
traveler (traveler.504),504,247.5,0.8911411807523919,,,,1.8214392811760012,3.077657298838875,SAV (sav.3),1,5.8005865417982365,1,False,,,,,1.8214392811760012,3.077657298838875,256.10117308359645,"[2, 5.8005865417982365, 8.601173083596473]","[1.2602639438092065, 2.520527887618413]",
traveler (traveler.521),521,262.5,1.4402217365537908,0,0.0,1.0835873998381003,3.6695393552950257,1.6595142197168877,SAV (sav.3),,,,False,0,1.1719464757368314,1.1719464757368314,normal,,,,,,"[5.901235808778094, -0.11884169071779496, -1.0199534670800248, 0.6772001273661157]"
traveler (traveler.522),522,262.5,2.352197415275648,0,0.0,1.0835873998381003,1.8831249062851447,4.769867352772784,SAV (sav.3),,,,False,0,-1.5702463793404275,-1.5702463793404275,normal,,,,,,"[3.7081765205765116, 0.7338763002784879, -0.19889239790429694, -0.005086936732594834]"
traveler (traveler.523),523,262.5,0.9240699734367142,1,,,1.939809881056661,1.7650902460535869,,,,,,1,,,,,,,,,"[0.8301621295236878, 0.6886158811190286, -0.3161279767862422, 0.4989533076972367]"
traveler (traveler.524),524,262.5,0.6140211801009908,4,,,3.0667097326342088,2.73635162057891,,,,,,4,,,,,,,,,"[-0.6285912117118723, -1.2762621889721817, 0.23469638083763242, 1.4276588325377417]"
traveler (traveler.525),525,262.5,0.5854842187989185,4,,,2.3894538307155346,1.925046684574208,,,,,,4,,,,,,,,,"[0.49960272038537157, 1.726723704083526, 1.3087452193626277, -0.20269924624885552]"
traveler (traveler.526),526,262.5,0.5338851222243227,4,,,2.9986308422025187,2.690789430883597,,,,,,4,,,,,,,,,"[2.0492552492212446, -0.41766936201773774, 0.19741234386512344, -0.3008544051426037]"
traveler (traveler.527),527,262.5,0.5870789639925527,4,,,2.9208626609844446,2.0906879789797745,,,,,,4,,,,,,,,,"[-1.888446102506443, 0.031143266709361545, 0.8856795440855418, -0.03852756693668104]"
traveler (traveler.528),528,262.5,0.8043991197496039,2,,,2.196343783973359,3.244883109167015,,,,,,2,,,,,,,,,"[-0.09470815683250618, -0.22385723035870528, 2.6902242392837534, 0.8750068576183404]"
traveler (traveler.529),529,262.5,0.5393059100380917,4,,,2.90950331819928,2.149061405676444,,,,,,4,,,,,,,,,"[1.6813226353881736, 2.161674199960337, 1.8174535904314737, 2.8044476612797604]"
traveler (traveler.530),530,270.0,1.0583549303041302,1,,,1.9207838854148418,1.6142100412039357,,,,,,1,,,,,,,,,"[-0.9000673282573055, 0.3716669971005721, 0.6105858807033065, 0.16139775971906822]"
traveler (traveler.531),531,270.0,1.5023672944146036,3,,,1.6160551601490698,3.714804102490426,,,,,,3,,,,,,,,,"[1.7385815447725754, -0.16190143564105133, 0.6865463740071485, 4.812075836460722]"
traveler (traveler.532),532,270.0,2.084960964581808,1,,,4.580230232750903,2.6403723711384304,,,,,,1,,,,,,,,,"[1.4927341083978434, 1.5629264116239312, 2.50617481365838, 1.6687880574540102]"
traveler (traveler.533),533,270.0,0.9753166257158911,2,,,3.4530835009836265,2.707061248307416,,,,,,2,,,,,,,,,"[0.22092669582799493, 0.1802576110010215, 3.7109916819678648, 0.6024907663161181]"
traveler (traveler.534),534,270.0,0.4572021456734887,4,,,2.6570109360311642,2.0706034839742413,,,,,,4,,,,,,,,,"[-0.11206885158023304, 0.4766177828063354, -0.7341764342272165, 0.37502722737970445]"
traveler (traveler.535),535,270.0,0.9602515731354012,3,,,1.9244800658170158,3.2686741110945694,,,,,,3,,,,,,,,,"[1.2556829395153162, -0.39663762674748654, -0.8319032990505671, 0.3980681548036083]"
traveler (traveler.536),536,270.0,0.12716251554924135,4,,,2.4592230801811947,2.620447283783827,,,,,,4,,,,,,,,,"[-0.4345784543909026, -0.7913656935432113, 1.3852157676319845, 0.9083202445813454]"
traveler (traveler.537),537,270.0,0.7438562537082605,3,,,1.912485619229307,2.9562334693646632,,,,,,3,,,,,,,,,"[0.22340264579965913, -0.35881171478056567, -0.16092240808358935, 1.5920769734965032]"
traveler (traveler.538),538,270.0,0.8384176050668466,3,,,3.267401512441393,2.8376966081983785,,,,,,3,,,,,,,,,"[1.1853916307901273, 1.6084757261822438, -1.7484439297284478, 2.2508546998858217]"
traveler (traveler.539),539,270.0,0.3791308533064767,4,,,2.7893574193493156,2.744974463559779,,,,,,4,,,,,,,,,"[2.9341548038753174, -0.08368779889787648, -0.03400103926765903, 0.02908447358918563]"
traveler (traveler.540),540,270.0,0.49900577592145784,4,,,2.926294518538472,2.7593833993667065,,,,,,4,,,,,,,,,"[0.782866660894614, -0.46698562341713923, 0.9883210366104177, 3.106217853431041]"
traveler (traveler.541),541,277.5,2.568193292129015,1,,,1.7370254598830686,0.04775885425804316,,,,,,1,,,,,,,,,"[-2.5374833262617433, 1.5068826773222566, 1.5160452735506298, 0.09406685068030457]"
traveler (traveler.542),542,277.5,2.7225013804955527,2,,,0.8543872275355746,0.331135695830157,,,,,,2,,,,,,,,,"[1.858139532681013, 1.0536247866064468, 4.09825633542703, -0.34542378763436427]"
traveler (traveler.543),543,277.5,0.8279176275259802,1,,,3.2998795235767666,2.2863639877481967,,,,,,1,,,,,,,,,"[-1.765605242384098, 2.7746204899417624, 1.1525526180516494, 0.9123294101603593]"
traveler (traveler.544),544,277.5,0.783834243900499,2,,,2.7976388858556662,3.2251256549989558,,,,,,2,,,,,,,,,"[-2.362262079733574, 1.5035714496877735, 1.8195821900045683, 0.4667892947415825]"
traveler (traveler.545),545,277.5,0.6480880700034614,4,,,2.8629351602021416,1.963067773392342,,,,,,4,,,,,,,,,"[-2.5037023733983736, 2.1790763471984866, -0.1514432950718754, -0.024895134830864876]"
traveler (traveler.546),546,277.5,0.7760870462016984,3,,,3.1895081086923254,2.1437842348665495,,,,,,3,,,,,,,,,"[2.039785261335553, 1.6348225803945886, -1.2093468134885945, 2.3102436418625407]"
traveler (traveler.547),547,277.5,0.7806264591572842,3,,,2.4641984456632358,1.7201949490779693,,,,,,3,,,,,,,,,"[0.9290239904395965, -0.9157890176454584, -0.051426792124963115, 0.2819413365465105]"
traveler (traveler.515),515,255.0,0.8021512149796363,,,,2.0445235495398295,3.160293703415011,SAV (sav.4),1,5.520918060662796,1.0,False,,,,,2.0445235495398295,3.160293703415011,,,,
traveler (traveler.514),514,255.0,1.3417797701342737,,,,1.5740299534625146,3.471057374441362,SAV (sav.4),2,8.292959592878299,1.1491175524503752,False,,,,,1.5740299534625146,3.471057374441362,268.50976658985996,"[2.0, 5.520918060662796, 8.292959592878299, 13.509766589859952]","[1.1344131272982578, 1.9318318167952342, 3.829394965436978]",
traveler (traveler.548),548,277.5,0.8698021573816035,0,0.0,1.0835873998381003,1.6485701635519536,2.677828643901214,SAV (sav.4),,,,False,0,3.2975741288842055,3.2975741288842055,normal,,,,,,"[7.6833931858699165, -0.46499177473118797, -0.7342203915574202, -0.08422407398972868]"
traveler (traveler.549),549,277.5,0.9589724006831818,2,,,3.443201745559599,2.3267991557601695,,,,,,2,,,,,,,,,"[-1.9781558342745222, 0.2696822597520488, 1.577709940803056, -0.3630613609097974]"
traveler (traveler.550),550,277.5,0.3490080109622795,4,,,2.2850633724109315,2.2250293873220546,,,,,,4,,,,,,,,,"[-0.1852115162599495, 3.249123699729244, 1.172294267677905, 3.5765070516289774]"
traveler (traveler.551),551,277.5,0.7549699168421247,1,,,2.7811908498141227,3.200650612871648,,,,,,1,,,,,,,,,"[0.7257265869707127, 1.3465088087699797, 0.016568187189672734, 0.7039836171336933]"
traveler (traveler.510),510,247.5,0.8626474062079855,,,,3.246158126479325,2.0670928532280524,SAV (sav.2),1,5.711039247567346,1,False,,,,,3.246158126479325,2.0670928532280524,255.92207849513468,"[2, 5.711039247567346, 8.422078495134691]","[1.2199676614053057, 2.4399353228106113]",
traveler (traveler.552),552,285.0,1.0774627448248322,0,0.0,1.0835873998381003,2.2633133405722514,3.5511448005552775,SAV (sav.2),,,,False,0,6.2131910541247395,6.2131910541247395,normal,,,,,,"[10.724050067485184, 0.10297947948926106, 0.4089043433936521, 1.21791734269312]"
traveler (traveler.553),553,285.0,2.3323098340859385,2,,,2.5756238283048867,0.16891651827599885,,,,,,2,,,,,,,,,"[1.575004845742715, 0.17787655193366841, 1.7834758435570002, 0.22634713172638302]"
traveler (traveler.554),554,285.0,2.437257744986764,2,,,2.779430655272503,0.07881355026261028,,,,,,2,,,,,,,,,"[0.8640302037161207, -0.5710522864326857, 1.9363308821518377, -0.31583308701017415]"
traveler (traveler.555),555,285.0,0.7930911056627569,1,,,2.7750737885577053,1.7561398567406068,,,,,,1,,,,,,,,,"[1.9914969522794288, 1.8003820328905327, 0.16313313336577262, -0.034147421346500534]"
traveler (traveler.556),556,285.0,0.18487543334693304,4,,,2.3151367304727444,2.5021207156597534,,,,,,4,,,,,,,,,"[0.298455523018197, 1.491178232764189, 1.8228625211192135, 1.9844235723248775]"
traveler (traveler.557),557,285.0,0.9788064244619668,2,,,1.931649985990035,1.7031058551207117,,,,,,2,,,,,,,,,"[2.892718421027049, 0.7757164841925063, 1.8669181089608735, -0.3251243061442515]"
traveler (traveler.558),558,285.0,0.9556318723169408,0,0.0,1.0835873998381003,1.8420024685056797,1.8069837491549259,SAV (sav.2),,,,False,0,5.481682438611768,5.481682438611768,normal,,,,,,"[9.919182673731989, -0.42396534643900896, -0.6424515405784988, -0.38625969335354465]"
traveler (traveler.559),559,285.0,0.919644640761765,1,,,2.977837174677809,1.714240558581849,,,,,,1,,,,,,,,,"[-0.6332948578147034, 2.1316321610124955, 0.5682168738038232, 1.6039654377991346]"
traveler (traveler.560),560,285.0,0.23862419948376964,4,,,2.3599321947500433,2.306809631420896,,,,,,4,,,,,,,,,"[4.789790377723932, -0.6166967231727993, -1.0180219061569113, 1.6487879892050836]"
traveler (traveler.548),548,277.5,0.8698021573816035,,,,1.6485701635519536,2.677828643901214,SAV (sav.4),1,5.733524461223202,1,False,,,,,1.6485701635519536,2.677828643901214,285.9670489224464,"[2, 5.733524461223202, 8.467048922446404]","[1.230086007550441, 2.460172015100882]",
traveler (traveler.561),561,292.5,2.4321679752231726,0,0.0,1.0835873998381003,1.93583997603898,0.13416726561967462,SAV (sav.4),,,,False,0,-2.62368641703144,-2.62368641703144,normal,,,,,,"[2.702889651718441, -0.6456997612695669, 1.0665544358415775, 0.5546728530098312]"
traveler (traveler.562),562,292.5,1.368956659649641,1,,,2.88615657916604,3.8133641659364264,,,,,,1,,,,,,,,,"[2.1278739224380994, 0.7368344545367519, -0.40975937781582594, 0.6643473806871776]"
traveler (traveler.563),563,292.5,2.214836074374657,1,,,0.8310083864456508,3.9560102438638927,,,,,,1,,,,,,,,,"[2.199562045361544, -0.34986518705606795, -1.0187184071103834, -0.04363128167182418]"
traveler (traveler.564),564,292.5,2.2975199966771496,2,,,0.2027956958553212,2.5380856948279744,,,,,,2,,,,,,,,,"[1.042853143238746, 1.2758739904534102, 2.9389383512974985, 2.1070117459302127]"
traveler (traveler.565),565,292.5,0.563719057278173,4,,,3.0589658126302623,2.426949361062462,,,,,,4,,,,,,,,,"[1.4626843543898609, -0.465466480812031, 0.4445634053704705, 1.196832247639408]"
traveler (traveler.566),566,292.5,0.42198638140780004,4,,,2.694446824229355,2.874516940392244,,,,,,4,,,,,,,,,"[-1.6487778010841188, 0.6857237197483469, -0.5131163020403452, -0.6275946938147174]"
traveler (traveler.567),567,292.5,0.20182291425456678,4,,,2.6215517289734778,2.3388861709791353,,,,,,4,,,,,,,,,"[3.1014789390588864, 1.867989301632106, -0.34129434169103545, -0.6269553505328365]"
traveler (traveler.568),568,292.5,0.7745507867175985,2,,,3.2191453064878974,2.2123214478601527,,,,,,2,,,,,,,,,"[2.70315545567122, -0.9535140541618672, 1.195201355869717, -1.301240589264835]"
traveler (traveler.569),569,292.5,0.7450868958615566,2,,,3.190989877817195,2.2212752771303053,,,,,,2,,,,,,,,,"[0.8167547258053464, -0.3869579332640947, 1.2363562514319981, 0.05127764630441431]"
traveler (traveler.570),570,292.5,0.7431077961048679,2,,,3.243076135094811,2.506859597975958,,,,,,2,,,,,,,,,"[-1.1043916607655997, -0.07669559219461529, 0.797377530794877, 0.6866949270780724]"
traveler (traveler.571),571,292.5,0.862118745701145,3,,,3.2036573881404484,2.001888554834686,,,,,,3,,,,,,,,,"[-0.605356413963019, -0.15047961133982968, -0.8478328270205437, 0.5437570647336208]"
traveler (traveler.572),572,300.0,2.8520331348694654,1,,,0.07857477643483268,4.006915023840339,,,,,,1,,,,,,,,,"[2.2746805398117447, 2.638139329751591, 1.0315100027381285, 0.9896393181564013]"
traveler (traveler.573),573,300.0,2.396541145219192,1,,,4.0156201106207,0.6435773269509415,,,,,,1,,,,,,,,,"[-0.6556906754445612, -0.5679163106682759, 0.042478782908370184, 0.335632449091724]"
traveler (traveler.574),574,300.0,1.3159757111797863,3,,,1.184716340983003,2.457327189710488,,,,,,3,,,,,,,,,"[-0.794348550055666, -0.2050612356659217, -0.5297104484048829, 1.8934781420148072]"
traveler (traveler.575),575,300.0,2.4688360364353366,2,,,3.406463675669995,4.79640479434541,,,,,,2,,,,,,,,,"[-2.5565880592872796, -1.4466138099586598, 0.3639652515755844, -0.950767823352175]"
traveler (traveler.576),576,300.0,3.4535075188728213,1,,,0.006141074505245925,4.889012733880099,,,,,,1,,,,,,,,,"[2.0983467160642832, 0.29404016944216455, 0.9712481530171898, -0.6765782507568767]"
traveler (traveler.577),577,300.0,2.2127521441893228,3,,,0.2922287943742463,2.351614167710488,,,,,,3,,,,,,,,,"[1.4258525338417012, -0.7328438041188275, -0.41206118207248693, 2.448152183568912]"
traveler (traveler.578),578,300.0,0.2824575950772264,4,,,2.417655589894723,2.2298117486987556,,,,,,4,,,,,,,,,"[-1.0234736533789348, 0.25785172565100684, -0.3184831006639886, 2.179031424102071]"
traveler (traveler.579),579,300.0,0.7802994641292048,2,,,2.8755849936954823,3.1839613777334863,,,,,,2,,,,,,,,,"[-1.9072085441332773, 0.1372812180838791, 1.1885979607580628, -0.6323682493832894]"
traveler (traveler.580),580,300.0,0.16465513765914036,4,,,2.6608006703611,2.535418339444013,,,,,,4,,,,,,,,,"[2.2664515310441242, 0.9714495149359267, -0.5880800799138468, 0.8494333055224517]"
traveler (traveler.581),581,300.0,0.8872721874958754,3,,,3.017809292050523,1.7794963762965157,,,,,,3,,,,,,,,,"[1.212041922676385, 0.8918642878256111, 0.2561540963678402, 3.4694490445527078]"
traveler (traveler.582),582,307.5,3.034893003174639,1,,,4.869037867940343,0.6030985473717804,,,,,,1,,,,,,,,,"[-2.5533436678448758, -0.9144988224401708, 0.1945554944993675, 0.26360433289462926]"
traveler (traveler.583),583,307.5,2.797241189011422,2,,,4.36179874444254,4.5876454930601165,,,,,,2,,,,,,,,,"[-0.28207257467979646, 0.8781195163268406, 3.428679810195233, 0.8153498749219891]"
traveler (traveler.584),584,307.5,0.6676570933252447,4,,,2.2070706237348166,3.099965311320917,,,,,,4,,,,,,,,,"[2.1904948786370038, 2.44242685595263, -0.2870608921353185, 0.527854763187309]"
traveler (traveler.585),585,307.5,0.6200486877144716,4,,,2.986845870793686,2.1160189155341422,,,,,,4,,,,,,,,,"[-1.145370739423194, 10.383026897328586, -0.9256093337492085, 0.5959022861862128]"
traveler (traveler.521),521,262.5,1.4402217365537908,,,,3.6695393552950257,1.6595142197168877,SAV (sav.3),1,7.526180250353115,1.0,False,,,,,3.6695393552950257,1.6595142197168877,,,,
traveler (traveler.522),522,262.5,2.352197415275648,,,,1.8831249062851447,4.769867352772784,SAV (sav.3),2,19.798597452956542,1.9051322103343602,False,,,,,1.8831249062851447,4.769867352772784,290.690840755316,"[2.0, 7.526180250353115, 19.798597452956542, 28.19084075531601]","[2.0367811126589017, 7.1093688538304445, 10.435878339892206]",
traveler (traveler.586),586,307.5,0.823442313087705,0,0.0,1.0835873998381003,1.9455553097095981,3.1088089424376175,SAV (sav.3),,,,False,0,1.028336218672476,1.028336218672476,normal,,,,,,"[5.386240335324922, -0.8150185504293374, -0.0195142871666911, 2.354691806954462]"
traveler (traveler.587),587,307.5,0.22250758997898623,4,,,2.2861886314243165,2.43840189722037,,,,,,4,,,,,,,,,"[-1.3187829356204934, 0.20075172929700819, 1.9716682463384616, 0.8954922260427857]"
traveler (traveler.588),588,307.5,0.9852730137331398,3,,,1.6263325977898317,2.0445132472770258,,,,,,3,,,,,,,,,"[-0.0716360907980428, -0.9433994247211644, -0.575981532504854, 0.5568417364615217]"
traveler (traveler.589),589,307.5,0.31808089533184825,4,,,2.616776793188969,2.2041307103675494,,,,,,4,,,,,,,,,"[1.6664467786268677, -0.3595685425525946, 2.0055696591356855, 0.06817854641637014]"
traveler (traveler.590),590,307.5,0.3369378267798054,4,,,2.8087390546779307,2.3650655891491135,,,,,,4,,,,,,,,,"[-1.7107243563718664, 0.48946358164091436, -0.19161883348702333, 0.6607027023826093]"
traveler (traveler.591),591,315.0,2.6305787629824104,1,,,0.10315816153227853,3.584017448948467,,,,,,1,,,,,,,,,"[1.1878755111999548, 1.914953731283298, 0.7091826332900609, 0.2911647105595852]"
traveler (traveler.592),592,315.0,1.38092771978963,2,,,1.5036336039272757,1.543853896070042,,,,,,2,,,,,,,,,"[-1.994892631211511, -0.5195516360768164, 3.3650951970026672, 1.0409480307078995]"
traveler (traveler.593),593,315.0,0.6625762166330764,4,,,3.1093372936572563,2.760221646690378,,,,,,4,,,,,,,,,"[-1.7960427473704548, -0.9427881936225614, -0.591594953666364, 2.9687249502536135]"
traveler (traveler.594),594,315.0,0.8890833142903419,2,,,1.974240880501921,3.2169703536507654,,,,,,2,,,,,,,,,"[-1.45522954336503, -0.15464572308826544, 1.2765917817845185, -0.059539712822984314]"
traveler (traveler.595),595,315.0,0.9726635826645831,2,,,2.5501696008491423,1.5286311430807862,,,,,,2,,,,,,,,,"[2.873583344768546, -0.5884430138485254, 1.5032618123547599, 0.4659467795317832]"
traveler (traveler.596),596,315.0,0.9199736064241004,1,,,2.938479019115661,1.6912431846887883,,,,,,1,,,,,,,,,"[-2.709659505647154, 4.384414797069779, -0.26067366909951584, -0.07005995878873522]"
traveler (traveler.597),597,315.0,0.06049964336043464,4,,,2.439922161498032,2.492868368512659,,,,,,4,,,,,,,,,"[-0.3060277567201493, -0.3909494694158398, 0.3553458612257053, 0.7587386269031751]"
traveler (traveler.598),598,315.0,0.6668804566845498,4,,,1.9763362639951534,2.0870764779026993,,,,,,4,,,,,,,,,"[1.8579835534433937, -0.28980956259403867, 0.3605489702034417, -0.07605355498032865]"
traveler (traveler.599),599,322.5,2.5038142251386484,1,,,2.7159418139564457,0.005515121915579124,,,,,,1,,,,,,,,,"[0.3616908711537719, 3.0733104119642842, -0.8159348109808884, 1.3912653802554416]"
traveler (traveler.600),600,322.5,2.789772589014324,1,,,0.4327723274564066,0.6266605090679145,,,,,,1,,,,,,,,,"[-0.9205610716850172, -0.26065782600423676, -0.20999907535319037, -0.5391939963606729]"
traveler (traveler.601),601,322.5,0.5176214665142854,4,,,2.018274096499838,2.3106005900395887,,,,,,4,,,,,,,,,"[-0.2225468392701057, 2.380663519914944, -1.5214223375261406, 1.4535141455248712]"
traveler (traveler.602),602,322.5,0.4498641273682048,4,,,2.1612298161471832,2.7959940803885868,,,,,,4,,,,,,,,,"[-2.616208993170026, -0.6139816717654593, 1.9150961743135744, 1.9525256914162479]"
traveler (traveler.603),603,322.5,0.9660307369083512,1,,,2.1571889556616273,1.5968411144591854,,,,,,1,,,,,,,,,"[-0.33033602192548894, 0.019899748187685497, -0.3597176528756816, 0.3504460680088708]"
traveler (traveler.604),604,322.5,0.9684746908460669,1,,,3.4035850405957326,2.848535939640366,,,,,,1,,,,,,,,,"[0.228958600095412, -0.13022610757338085, -1.1118775485820644, -0.3563760109011611]"
traveler (traveler.605),605,322.5,0.9351028987535489,1,,,2.8661141188969976,1.63954786117904,,,,,,1,,,,,,,,,"[2.719626138018723, 1.8430535615157206, 0.21180726459472402, 0.33067124430269773]"
traveler (traveler.606),606,322.5,0.6773639129927711,4,,,2.5247612527960217,1.8230888160291263,,,,,,4,,,,,,,,,"[0.3375754121867987, 0.7166179340723423, -0.4636605924888598, 0.223805064409993]"
traveler (traveler.607),607,322.5,0.36630586413787364,4,,,2.748645168762034,2.231010100276806,,,,,,4,,,,,,,,,"[2.9140842188926643, 0.40875322712156226, 0.08842731312041058, -0.050801480937563766]"
traveler (traveler.608),608,322.5,0.8321153719767449,1,,,2.4551867697266045,3.3309077967334644,,,,,,1,,,,,,,,,"[-0.13842123511859736, 1.4103443573356385, 0.33257500220398273, 0.22792262239322536]"
traveler (traveler.609),609,322.5,0.1566514284556384,4,,,2.4219643139244775,2.6358311515666215,,,,,,4,,,,,,,,,"[0.8603341620004221, 5.632590852026979, -0.6852776537962838, 1.2970105408925614]"
traveler (traveler.610),610,322.5,0.09496276759157192,4,,,2.4909050474735652,2.5945262348091407,,,,,,4,,,,,,,,,"[1.9881144536855604, -0.36916513486975105, -0.17890345746173378, 0.7833361895736491]"
traveler (traveler.611),611,322.5,0.4517993115137526,4,,,2.690467038255944,2.9096888151052083,,,,,,4,,,,,,,,,"[3.4264564157438806, 0.505943246432071, -0.06698821243494489, 0.004397803223060983]"
traveler (traveler.612),612,330.0,1.800984075466726,3,,,3.855907996243235,3.685351064372236,,,,,,3,,,,,,,,,"[-0.9383117594731462, 0.26374103010327554, 0.6271312586757107, 1.3080517063477783]"
traveler (traveler.613),613,330.0,2.684501062481595,1,,,4.475209719095541,0.6820086578711859,,,,,,1,,,,,,,,,"[0.1968824267978358, 0.6108135923367239, 0.36274426466359166, -0.6983208315899516]"
traveler (traveler.561),561,292.5,2.4321679752231726,,,,1.93583997603898,0.13416726561967462,SAV (sav.4),1,10.64356652562249,1,False,,,,,1.93583997603898,0.13416726561967462,310.78713305124495,"[2, 10.64356652562249, 18.28713305124498]","[3.4396049365301207, 6.879209873060241]",
traveler (traveler.614),614,330.0,1.987522799731299,0,0.0,1.0835873998381003,4.4147121573948285,3.033033051298118,SAV (sav.4),,,,False,0,1.6979421477757617,1.6979421477757617,normal,,,,,,"[6.75678126157294, 1.3596239010637663, 0.7002731901433056, 1.4346934712547024]"
traveler (traveler.615),615,330.0,0.3736350241195047,4,,,2.7741029858973665,2.246089219663814,,,,,,4,,,,,,,,,"[0.9812896172991644, 3.090288167242345, 1.8438501250233772, 0.5054425360063702]"
traveler (traveler.616),616,330.0,0.9022813246153839,1,,,3.295856094435042,2.92511723759487,,,,,,1,,,,,,,,,"[-1.4302267318299418, 1.5350895201784998, 0.09191637890171811, -0.36244666714826146]"
traveler (traveler.617),617,330.0,0.5121861949728521,4,,,2.710512488132327,2.033074748314995,,,,,,4,,,,,,,,,"[1.3983454123801011, -0.9065184624458743, 5.757231066175794, 1.5977268550238395]"
traveler (traveler.618),618,337.5,2.392624002748407,1,,,0.18073709391031478,3.087936383432967,,,,,,1,,,,,,,,,"[-1.2971607267421619, 1.3733113110758193, -0.5493769618012884, 0.8814304459688211]"
traveler (traveler.619),619,337.5,1.7617703648045904,1,,,0.7912895043021523,2.9291191678260438,,,,,,1,,,,,,,,,"[0.532481967936029, 2.25813001540445, 1.2229959566700597, 1.753210077177789]"
traveler (traveler.620),620,337.5,0.6804135726865975,4,,,2.804393164513889,1.8914710924751723,,,,,,4,,,,,,,,,"[0.6985203934721252, 0.09177340520050686, 1.3014068806529102, 0.5309838465233215]"
traveler (traveler.621),621,337.5,0.7131011967415335,2,,,2.8252715855640744,3.134595707847792,,,,,,2,,,,,,,,,"[1.6536694962131968, -0.13394597883105408, 2.1291504551498686, 0.34271927698659277]"
traveler (traveler.622),622,337.5,0.8864498996960346,1,,,2.1979478159330537,3.333401405549269,,,,,,1,,,,,,,,,"[0.8311132616854057, 0.4598663704148064, 0.08948901766759229, -0.6461569188933416]"
traveler (traveler.623),623,345.0,0.4077006292162209,4,,,2.4550514782679533,2.9052152927240114,,,,,,4,,,,,,,,,"[3.55402800712078, -0.904027641855727, 1.5383378826603544, 6.271568856193129]"
traveler (traveler.624),624,345.0,0.6360383688211161,4,,,3.134485549132026,2.544417277665991,,,,,,4,,,,,,,,,"[-1.5212728089048941, 0.9501204310950104, -0.6532756962951572, 0.6793995760439319]"
traveler (traveler.625),625,345.0,0.6617137703800527,4,,,1.8872863147068033,2.2501059149059053,,,,,,4,,,,,,,,,"[-0.13413985965701655, 4.70841938548654, -0.3262373248010698, 0.06928709902823146]"
traveler (traveler.626),626,345.0,0.9092508760783297,1,,,2.4591194081876524,3.40833140035027,,,,,,1,,,,,,,,,"[0.4149157295341428, 1.3233332915075144, 0.5900897240946207, -0.2184812336056262]"
traveler (traveler.627),627,345.0,0.7759294714040094,2,,,3.1353122272797656,2.9454715686350017,,,,,,2,,,,,,,,,"[-0.4193963397497451, 0.05999687324289338, 0.35231015231667556, -0.9506386007871038]"
traveler (traveler.628),628,345.0,0.7480113084353065,2,,,1.894249913594334,2.9388482087996115,,,,,,2,,,,,,,,,"[0.3202359966326121, 0.6812983531233301, 4.735355126574913, -0.8225587234949262]"
traveler (traveler.629),629,345.0,0.3899029424379654,4,,,2.818324132177601,2.2748466047443197,,,,,,4,,,,,,,,,"[0.903462892860908, -0.7809347175379702, -0.569912339392384, -0.6012962825716351]"
traveler (traveler.630),630,352.5,2.5558002242856706,1,,,3.2341264201427955,4.948095828538378,,,,,,1,,,,,,,,,"[0.37219072858725283, 0.7400532367281482, -0.5474957386201632, -1.1718687491424815]"
traveler (traveler.631),631,352.5,2.056931381229609,2,,,3.1889040739163823,4.438137736082902,,,,,,2,,,,,,,,,"[0.1690516131431873, -0.7020173233441365, 5.374467876913743, -0.4878803396004063]"
traveler (traveler.632),632,352.5,2.0966373506626046,1,,,4.227888154330828,1.312443388163449,,,,,,1,,,,,,,,,"[0.9478094577727614, 1.0841673712575397, -0.21383781819655498, 1.560225152911535]"
traveler (traveler.633),633,352.5,0.7915798094391829,2,,,3.274320687393267,2.6643960698635816,,,,,,2,,,,,,,,,"[1.6841526298789782, -1.479215961856685, 0.2958956821221177, -0.012249486052291456]"
traveler (traveler.614),614,330.0,1.987522799731299,,,,4.4147121573948285,3.033033051298118,SAV (sav.4),1,9.246181553123884,1,False,,,,,4.4147121573948285,3.033033051298118,345.49236310624775,"[2, 9.246181553123884, 15.492363106247769]","[2.810781698905748, 5.621563397811496]",
traveler (traveler.634),634,352.5,0.7451270592645332,0,0.0,1.0835873998381003,1.765650098107047,2.626271754711898,SAV (sav.4),,,,False,0,-0.021063633013485017,-0.021063633013485017,normal,,,,,,"[4.289684034540489, 0.5600872574087976, 0.9974792882324204, -0.1558236861305959]"
traveler (traveler.635),635,352.5,0.7076269911993859,1,,,3.137654994876037,2.806809494937065,,,,,,1,,,,,,,,,"[2.5877521917227106, 1.619304168311355, -0.9225260334832978, 1.6347887308274522]"
traveler (traveler.636),636,352.5,0.11990294188511393,4,,,2.4199471456174155,2.5892650882366994,,,,,,4,,,,,,,,,"[-0.2061055564723435, -2.0572698546370765, 0.46313057234590915, 1.2485317136481695]"
traveler (traveler.637),637,352.5,0.5904418649123453,4,,,1.9683113757393271,2.2432339534265457,,,,,,4,,,,,,,,,"[6.046164312577229, 0.3535750901771821, -0.4614275416205169, 0.08195347512619684]"
traveler (traveler.638),638,352.5,0.9847439824657968,2,,,1.515572441856591,2.52496184629394,,,,,,2,,,,,,,,,"[2.3447287232015177, -0.5027676456425576, 0.6588191836770065, -1.292513774471204]"
traveler (traveler.639),639,352.5,0.04029446904721038,4,,,2.539392220279611,2.4915207773210506,,,,,,4,,,,,,,,,"[0.01319014622213676, 0.13668329252949687, 2.405017057309311, 1.2908838090450856]"
traveler (traveler.640),640,360.0,2.7091391850367534,2,,,4.312249055002984,4.513749856993762,,,,,,2,,,,,,,,,"[-0.0270248423827738, 2.08096351598391, 5.0542757847972934, 0.5332433114318784]"
traveler (traveler.641),641,360.0,1.7165454729862668,1,,,2.882137088884953,4.173469332293896,,,,,,1,,,,,,,,,"[-1.117986372986904, 2.6775524985588426, 2.8282403306148574, 0.2502389195394314]"
traveler (traveler.642),642,360.0,1.739207524604229,1,,,4.138486878215409,3.0832697176743293,,,,,,1,,,,,,,,,"[0.3066294805337462, -0.15470924159524932, -0.39878063640363487, 0.6044066202968128]"
traveler (traveler.643),643,360.0,2.6374089909666094,1,,,0.16595284672452304,1.271932383002405,,,,,,1,,,,,,,,,"[-0.29085931462585607, 0.9522685795344525, 0.8516492579756976, 0.49468974109288877]"
traveler (traveler.644),644,360.0,2.277261047911408,1,,,0.42081161235327735,3.428920625785426,,,,,,1,,,,,,,,,"[2.469888993099453, -0.009845082708078306, -0.8432128475001092, 0.07748348864685965]"
traveler (traveler.645),645,360.0,1.9602334898166285,2,,,1.01635804033869,3.7811408471089454,,,,,,2,,,,,,,,,"[-0.2495399823952529, -1.0803258596101435, 1.6464407545778035, -0.40270219209124675]"
traveler (traveler.646),646,360.0,2.419933619161097,1,,,3.6322079604260313,0.36126582869818735,,,,,,1,,,,,,,,,"[1.381908805420493, 0.9129244204020474, 0.8436959761405978, 0.2960037215503396]"
traveler (traveler.647),647,360.0,0.22744094463320388,4,,,2.494811811407829,2.272618237330308,,,,,,4,,,,,,,,,"[-0.5989026371005614, 0.22387098114167003, -0.061619144600621296, -1.018784249494942]"
traveler (traveler.648),648,360.0,0.5603638076181642,4,,,2.2233127292276045,2.0127097876205085,,,,,,4,,,,,,,,,"[-1.9594562968632303, 1.8748366831994516, 0.6194856156624189, 0.6067193070343309]"
traveler (traveler.649),649,360.0,0.8002028652786481,1,,,2.120658282384938,1.7954260245531255,,,,,,1,,,,,,,,,"[1.5814887394686585, 2.1780523327941315, 0.0008674577371830839, -0.3177348884403676]"
traveler (traveler.650),650,360.0,0.5127014314200781,4,,,3.002109985367155,2.3963258934217784,,,,,,4,,,,,,,,,"[-1.6630337340578862, 0.1629025079690653, -0.9327372778708876, 1.7702325330106157]"
traveler (traveler.651),651,360.0,0.7003050518880201,2,,,3.002988864402473,2.9872672449354596,,,,,,2,,,,,,,,,"[1.0607797695619576, 0.5997029338297012, 2.2769909881852377, 0.038456596032725]"
traveler (traveler.652),652,360.0,0.8933698543767818,3,,,1.6511624545365633,2.2214600241961655,,,,,,3,,,,,,,,,"[2.6544581909186977, 0.5497411144165277, -0.05417973964036666, 1.0004179908058553]"
traveler (traveler.634),634,352.5,0.7451270592645332,,,,1.765650098107047,2.626271754711898,SAV (sav.4),1,5.34170842867352,1,False,,,,,1.765650098107047,2.626271754711898,360.183416857347,"[2, 5.34170842867352, 7.68341685734704]","[1.053768792903084, 2.107537585806168]",
traveler (traveler.653),653,367.5,2.0873930553100384,0,0.0,1.0835873998381003,4.512451667474664,1.9457003937986057,SAV (sav.4),,,,False,0,0.6015120809796626,0.6015120809796626,normal,,,,,,"[5.72048669065717, 1.5651628599019798, 0.4767188225666665, 2.791529700517692]"
traveler (traveler.654),654,367.5,0.5974411816437912,4,,,2.6179693333382605,3.0856784116865295,,,,,,4,,,,,,,,,"[-2.042597795000113, -0.03247321967193182, -0.6285168288480951, 0.09958746060546769]"
traveler (traveler.655),655,367.5,0.4170496778187381,4,,,2.2910523730927284,2.1390688112970384,,,,,,4,,,,,,,,,"[1.5902817347187468, 0.6562368734439591, -0.2544511164785792, -1.1446321153946866]"
traveler (traveler.656),656,367.5,0.7357144441824709,0,0.0,1.0835873998381003,3.0084291913991215,1.9682336032504895,SAV (sav.4),,,,False,0,-0.8616687972001214,-0.8616687972001214,normal,,,,,,"[3.4434111941052, -0.2459807100894592, 0.8371663032670542, -1.3807097354364517]"
traveler (traveler.657),657,367.5,0.5739036605128478,4,,,2.3814936819127235,1.9384649039254596,,,,,,4,,,,,,,,,"[-1.4759432173719191, -1.450718320606599, -0.610806494893621, 0.6451382329227898]"
traveler (traveler.658),658,367.5,0.7788804056667425,2,,,3.24110560404893,2.739618801388497,,,,,,2,,,,,,,,,"[-0.4372069359598941, 0.40476932967090556, 5.7999304587671165, -0.7577140901212993]"
traveler (traveler.659),659,367.5,0.9885674410673626,3,,,2.789784360822644,1.5548594761829937,,,,,,3,,,,,,,,,"[2.231465208160086, 0.1641607525611328, -0.369326727329157, 0.7359846654699465]"
traveler (traveler.660),660,367.5,0.6047405015818661,4,,,2.8650571626110817,2.0178751797720498,,,,,,4,,,,,,,,,"[-1.280629304659287, -0.9822977495284381, -0.6252952467477972, 0.5213728516942522]"
traveler (traveler.661),661,367.5,0.9104803467080116,3,,,2.3974014859108994,3.4046811629785654,,,,,,3,,,,,,,,,"[-1.331660482616466, -1.187452230255081, -0.9832873223142623, 0.5954449313827973]"
traveler (traveler.662),662,375.0,1.4032082140391857,1,,,3.4221228404233055,1.4423219964863143,,,,,,1,,,,,,,,,"[1.0435791233100993, -0.5622408140967918, -1.5870029055675583, -0.19436233935188602]"
traveler (traveler.663),663,375.0,1.3932227904400538,1,,,1.366211315833199,3.309686953987085,,,,,,1,,,,,,,,,"[2.492322931453423, 0.9467447910784264, 1.402677217237643, 0.03920896362419833]"
traveler (traveler.664),664,375.0,1.8770186085582492,1,,,0.9473536399119514,1.4452544679500745,,,,,,1,,,,,,,,,"[2.892855971647587, 1.3317405887847917, -0.08010238503541275, -1.1914832739543884]"
traveler (traveler.665),665,375.0,2.0503395169063827,1,,,4.382547009390102,1.6876522345545086,,,,,,1,,,,,,,,,"[2.326120912748673, 2.2140019247919214, 0.30695306878629885, -0.2925580348062897]"
traveler (traveler.666),666,375.0,0.9760938662703733,3,,,3.2093498202059267,3.1705088130252017,,,,,,3,,,,,,,,,"[-3.346696301449145, 0.5481757078764264, 0.6618113053397376, 1.3246413211923873]"
traveler (traveler.667),667,375.0,0.7346062273358159,1,,,3.2330395397187175,2.5479514593055463,,,,,,1,,,,,,,,,"[1.3193168834901465, 0.001989925889395755, -0.4267273101779355, -0.9078308698737222]"
traveler (traveler.668),668,382.5,2.6084688481644824,1,,,0.1271318560413781,3.583331206617305,,,,,,1,,,,,,,,,"[2.5683032857639394, 2.34613456511358, -1.3699383763798432, -0.6793740734749447]"
traveler (traveler.669),669,382.5,2.3266809330122356,2,,,3.2542756592652777,4.701025305143632,,,,,,2,,,,,,,,,"[1.8750790957715533, -0.4058078399439165, 2.1044261607394192, 1.6309968028384638]"
traveler (traveler.586),586,307.5,0.823442313087705,,,,1.9455553097095981,3.1088089424376175,SAV (sav.3),1,5.587829526667789,1,False,,,,,1.9455553097095981,3.1088089424376175,315.67565905333555,"[2, 5.587829526667789, 8.175659053335577]","[1.164523287000505, 2.32904657400101]",
traveler (traveler.670),670,382.5,2.5398806978212973,0,0.0,1.0835873998381003,4.181193508217625,4.4038335922795655,SAV (sav.3),,,,False,0,-1.7474622058720164,-1.7474622058720164,normal,,,,,,"[3.6439715920237723, 0.15559805900983345, 0.5141856206967815, 0.2546297727326329]"
traveler (traveler.671),671,382.5,2.1218772824005083,1,,,0.847480159858604,1.169007370604021,,,,,,1,,,,,,,,,"[-0.5162252449793953, -0.03141900219987808, -0.17841163009994523, -1.0544493446786378]"
traveler (traveler.672),672,382.5,2.781678062338237,3,,,3.9217386398251524,0.1091022433985317,,,,,,3,,,,,,,,,"[0.3433194620166938, 1.2386829386180032, -0.2839973803085798, 3.0820865373660027]"
traveler (traveler.673),673,382.5,0.9482222064211651,1,,,2.478483287496677,1.5520219497091339,,,,,,1,,,,,,,,,"[-1.8041441380693788, 1.3210566791852878, 0.1120248355458643, -1.5963050178063725]"
traveler (traveler.674),674,382.5,0.7998070654794319,1,,,3.2825602799629943,2.6651991229246095,,,,,,1,,,,,,,,,"[0.9475878632756334, 1.1585813905489297, 0.0455074783446799, 0.8372275382610153]"
traveler (traveler.675),675,382.5,0.5669665734677001,4,,,2.4141739498163295,3.0604328546218316,,,,,,4,,,,,,,,,"[-2.1303303153972215, -0.21456788542080749, 0.4026288254641288, 1.6611019684931507]"
traveler (traveler.676),676,382.5,0.5450544553330043,4,,,2.838173993254206,2.072539230379135,,,,,,4,,,,,,,,,"[5.513747216946579, 0.9152738361162263, -0.7457927027505115, 1.441664071317515]"
traveler (traveler.677),677,382.5,0.47132486824427344,4,,,2.128523987581903,2.7900908540844256,,,,,,4,,,,,,,,,"[-1.536064695096958, 0.30902710887338175, 0.391038614443518, 0.1713410878084821]"
traveler (traveler.678),678,382.5,0.2205880446969623,4,,,2.280584593730086,2.522714861977078,,,,,,4,,,,,,,,,"[1.0270006796950684, 0.4263849113742818, 1.1183631064442292, 1.1098839097433815]"
traveler (traveler.679),679,382.5,0.9878282695786368,0,0.0,1.0835873998381003,2.6551000670762646,1.5244239346049626,SAV (sav.3),,,,False,0,1.5610030337931304,1.5610030337931304,normal,,,,,,"[6.017889885115266, -0.8711167708393275, -0.5143065559200535, 2.6956504206960403]"
traveler (traveler.680),680,382.5,0.8930189344113746,2,,,3.364426042039889,2.724166088114325,,,,,,2,,,,,,,,,"[1.9699167162552058, -1.733631557295345, 0.542313087658125, 0.40977977943239696]"
traveler (traveler.681),681,382.5,0.741940182888378,3,,,1.7699543004718077,2.6323197324091616,,,,,,3,,,,,,,,,"[-1.2950786440729594, 0.12076224900436137, -0.9732062087854022, 0.5724818317587418]"
traveler (traveler.461),461,217.5,0.8569715300137047,,,,1.7449384688627865,1.7449384688627865,SAV (sav.1),1,5.693201689584452,1.0,False,,,,,1.7449384688627865,2.094682485635327,,,,
traveler (traveler.458),458,217.5,2.459006117386876,,,,4.917205515915138,4.917205515915138,SAV (sav.1),2,16.66373041942483,1.5533062245916827,False,,,,,4.917205515915138,2.048526214298651,242.89164108868468,"[2.0, 5.693201689584452, 16.66373041942483, 25.39164108868467]","[1.2119407603130032, 5.698678688741174, 9.176238489908101]",
traveler (traveler.558),558,285.0,0.9556318723169408,,,,1.8420024685056797,1.8420024685056797,SAV (sav.2),1,6.003261232148025,1.0,False,,,,,1.8420024685056797,1.8069837491549259,,,,
traveler (traveler.552),552,285.0,1.0774627448248322,,,,2.2633133405722514,2.2633133405722514,SAV (sav.2),2,12.642279292315816,1.9796436993953452,False,,,,,2.2633133405722514,3.5511448005552775,302.0284180182781,"[2.0, 6.003261232148025, 12.642279292315816, 17.02841801827808]","[1.3514675544666117, 3.889025681542118, 5.412788108225137]",
traveler (traveler.679),679,382.5,0.9878282695786368,,,,2.6551000670762646,2.6551000670762646,SAV (sav.3),1,6.104444746963676,1.0,False,,,,,2.6551000670762646,1.5244239346049626,,,,
traveler (traveler.670),670,382.5,2.5398806978212973,,,,4.181193508217625,4.181193508217625,SAV (sav.3),2,17.345953686618593,1.5794787194570357,False,,,,,4.181193508217625,4.4038335922795655,408.8280286414375,"[2.0, 6.104444746963676, 17.345953686618593, 26.328028641437527]","[1.3970001361336541, 6.005679158978367, 9.597612888646887]",
traveler (traveler.656),656,367.5,0.7357144441824709,,,,3.0084291913991215,3.0084291913991215,SAV (sav.4),1,5.312127433325854,1.0,False,,,,,3.0084291913991215,1.9682336032504895,,,,
traveler (traveler.653),653,367.5,2.0873930553100384,,,,4.512451667474664,4.512451667474664,SAV (sav.4),2,11.039344508387217,1.15473789677194,False,,,,,4.512451667474664,1.9457003937986057,386.0993879946603,"[2.0, 5.312127433325854, 11.039344508387217, 18.59938799466026]","[1.040457344996634, 3.167705028774247, 6.119724597597116]",
