traveler,traveler ID,requested time,distance,mode choice,waiting time,devFact_offer,x_coord_desti,y_coord_desti,vehicle,drop_in_sequence,inVehTime,devFact,walking time,interest,utility choice,utility interest,value tt,x_coord_stoploc,y_coord_stoploc,return time,route time,route distance,stoch parts
traveler (traveler.0),0,30,1.7170752231360664,1,,,3.2419718008781278,0.9515087444194464,,,,,,1,,,,,,,,,"[-0.8817417292187651, 1.7034023952120445, 0.5941513576773835, 1.2516866957453936]"
traveler (traveler.1),1,30,1.6515631606076455,0,0,1.2854744495690773,1.026911253530104,1.7532266618979593,SAV (sav.3),,,,False,0,6.427848638564101,6.159233694008822,normal,,,,,,"[8.344223301012116, 2.931248700329717, 0.5075058733618791, 2.704116790640043]"
traveler (traveler.2),2,30,1.0984212324031133,3,,,3.031441625154013,1.538699317150125,,,,,,3,,,,,,,,,"[1.6555945437668178, 0.9881106567486347, 1.091000569723371, 2.549524281109912]"
traveler (traveler.3),3,30,3.026466512335492,1,,,4.980227728905958,0.7656499883085455,,,,,,1,,,,,,,,,"[1.6438410523783487, 1.7059940336601398, 1.1844537592459092, 0.3552305041974471]"
traveler (traveler.4),4,30,1.5388140824292769,3,,,3.599064567993629,3.5770356798470675,,,,,,3,,,,,,,,,"[-0.5806909508334107, -0.42319086182301174, -0.35928860137023505, 0.4499221111987399]"
traveler (traveler.5),5,30,2.8017148085305235,1,,,4.003588535899873,0.1359299115614815,,,,,,1,,,,,,,,,"[1.38216947144904, 2.7348428722068223, 3.846915835213995, 0.012135592021267568]"
traveler (traveler.6),6,30,0.938604984370594,0,0,1.2854744495690773,1.6877654480560065,2.029623183698789,SAV (sav.3),,,,False,0,-0.6522575498695942,-0.9208724944248732,normal,,,,,,"[0.8077007799925076, -0.7063707238262817, -0.06913360549605846, 0.9220859233587361]"
traveler (traveler.7),7,30,0.8971982623327226,0,0,1.2854744495690773,2.4408846914629985,3.3952486259299324,SAV (sav.3),,,,False,0,0.8750303558815,0.606415411326221,normal,,,,,,"[2.3084812343294447, 1.8435857737166201, -0.2736949886126575, 0.10747313272138068]"
traveler (traveler.8),8,30,0.7736777636898685,3,,,3.029968703935526,3.0636581010480155,,,,,,3,,,,,,,,,"[0.06303907609828695, 0.08765777043857689, -0.06394478462458192, 0.691109686717146]"
traveler (traveler.9),9,30,0.5979398953333611,4,,,1.9049009680708977,2.4417826432383256,,,,,,4,,,,,,,,,"[1.4648598422360093, -0.17289574489207732, 4.932922498248394, -0.7074970615128147]"
traveler (traveler.10),10,37.5,0.3202249597519554,4,,,2.23252481855834,2.6760711565273896,,,,,,4,,,,,,,,,"[-2.7657096178984566, 3.4707230874638793, -0.013250798462799586, 1.500043308612722]"
traveler (traveler.11),11,37.5,0.9490491802853993,0,0.0,1.2854744495690773,3.35381828498275,2.0856466690980944,SAV (sav.2),,,,False,0,-0.04812289067976483,-0.31673783523504384,normal,,,,,,"[1.4185215278690584, -0.07484313048305638, -0.6799082943386093, 0.12736164365863967]"
traveler (traveler.12),12,37.5,0.8875246597467252,2,,,1.8079456381409593,3.0556624711912947,,,,,,2,,,,,,,,,"[-1.3499767565283514, -1.0702993673178318, -0.33994794674108014, -0.39383465968798453]"
traveler (traveler.13),13,37.5,0.5104205298530263,4,,,2.068907523241318,2.2267082259241793,,,,,,4,,,,,,,,,"[-1.9146491781397599, 0.17669712552664457, -0.024537561251879628, 2.0551586992267996]"
traveler (traveler.14),14,37.5,0.4414585354406176,4,,,2.751844039009673,2.1374255682916,,,,,,4,,,,,,,,,"[0.5378376807294107, -0.45954435986404063, -1.2730548799942654, 0.16392664881045538]"
traveler (traveler.15),15,37.5,0.4953996207048667,4,,,2.9758369773899798,2.3621596751930203,,,,,,4,,,,,,,,,"[3.660719239960705, -0.5539409437660658, -0.6775145281846067, 0.5548684833612874]"
traveler (traveler.16),16,37.5,0.29653566781801594,4,,,2.726080348177494,2.3081118074080123,,,,,,4,,,,,,,,,"[-0.16913158551767282, -0.23639247266219987, 1.0638955656080473, 0.6294908448236299]"
traveler (traveler.17),17,37.5,0.19260237729986443,4,,,2.6635284856097305,2.601755147956983,,,,,,4,,,,,,,,,"[-1.6899820146767033, -0.8081368855996276, -0.08717056199744604, 0.060789848764320246]"
traveler (traveler.18),18,45.0,1.955023450504014,3,,,4.34520195142614,1.8539764319517549,,,,,,3,,,,,,,,,"[-2.02484240338897, -0.7031334158831831, -1.0180498378221179, 1.981201971466353]"
traveler (traveler.19),19,45.0,3.036242601964705,0,0.0,1.2854744495690773,0.5404467787040751,4.819249945757068,SAV (sav.1),,,,False,0,0.4866719648609785,0.21805702030570018,normal,,,,,,"[3.2894805493756505, -0.1792410167836741, -0.7148928898322195, 0.3154258692872548]"
traveler (traveler.20),20,45.0,2.1768310794764396,0,0.0,1.2854744495690773,4.146518773128443,1.0760725164847167,SAV (sav.0),,,,False,0,0.8650821175207186,0.5964671729654398,normal,,,,,,"[3.1177189411244792, 1.7361513390166923, 0.17526892850948256, 0.0275038894952065]"
traveler (traveler.21),21,45.0,0.533020647074236,4,,,2.2191277165624204,2.046985904629892,,,,,,4,,,,,,,,,"[-1.3152871650884765, -0.8893828476196969, -0.3467180907902058, 0.6467902903869143]"
traveler (traveler.22),22,45.0,0.2265584570022234,4,,,2.2748743049341673,2.4745607417491384,,,,,,4,,,,,,,,,"[-0.5125181888384138, 2.4750958518330126, 0.95570553682126, 0.4092564685940659]"
traveler (traveler.23),23,45.0,0.5865966824086989,4,,,2.0708929677967625,2.8999535257084523,,,,,,4,,,,,,,,,"[0.5679667411851193, 0.03557634066377476, -0.6819395620011748, 2.2354160707923048]"
traveler (traveler.7),7,30,0.8971982623327226,,,,2.4408846914629985,3.3952486259299324,SAV (sav.3),1,5.819622112730023,1.0,False,,,,,2.4408846914629985,3.3952486259299324,,,,
traveler (traveler.6),6,30,0.938604984370594,,,,1.6877654480560065,2.029623183698789,SAV (sav.3),2,11.720739590001312,1.9699546779318011,False,,,,,1.6877654480560065,2.029623183698789,,,,
traveler (traveler.1),1,30,1.6515631606076455,,,,1.026911253530104,1.7532266618979593,SAV (sav.3),3,14.971935823307092,1.8279943343652956,False,,,,,1.026911253530104,1.7532266618979593,51.162298091856215,"[2.0, 5.819622112730023, 11.720739590001312, 14.971935823307092, 21.16229809185622]","[1.2688299507285103, 3.4743328155005906, 4.487371120488191, 6.823034141335298]",
traveler (traveler.24),24,52.5,2.9091166433637268,0,0.0,1.2854744495690773,4.869611512016552,0.8124275047232876,SAV (sav.3),,,,False,0,-0.7313199607648297,-0.9999349053201081,normal,,,,,,"[1.9901060605995526, -0.8180697819438247, -1.2834749817474373, 2.470709892521579]"
traveler (traveler.25),25,52.5,2.3104647447385154,3,,,2.743621434938332,0.20241519566345456,,,,,,3,,,,,,,,,"[-0.805564013695921, -0.9125226749713753, 0.28820310703020463, 1.2391889531942533]"
traveler (traveler.26),26,52.5,0.8420298786981888,0,0.0,1.2854744495690773,3.300393702191747,2.238496198665726,SAV (sav.3),,,,False,0,-0.012294854345626494,-0.2809097989009055,normal,,,,,,"[1.3858387331694002, 0.9171412804234335, 0.23670099809028652, -0.39050464115011585]"
traveler (traveler.27),27,52.5,0.8441032084980415,1,,,3.2307003899049787,2.922595748664608,,,,,,1,,,,,,,,,"[-0.29618771144982703, 1.7998074726038689, 2.007841574059252, -0.4315852921185677]"
traveler (traveler.28),28,52.5,0.7475222171971772,2,,,2.8082228804534344,3.1810199124609877,,,,,,2,,,,,,,,,"[-0.6443729630710541, -0.8836645725061667, 4.042989695573165, -0.8239382238621157]"
traveler (traveler.29),29,52.5,0.0759959134974457,4,,,2.424491073149534,2.491410422932283,,,,,,4,,,,,,,,,"[3.5699555393719016, -0.4346859136370213, -1.3107268111750474, 2.1546531832118703]"
traveler (traveler.30),30,52.5,0.5589330991232243,4,,,2.7605455425235226,2.994491890294083,,,,,,4,,,,,,,,,"[2.0699112537325424, -1.3770840137191842, -0.5339330418800698, 0.29525952755504953]"
traveler (traveler.31),31,52.5,0.9641283705612541,2,,,2.4195380419318147,1.5392349984387792,,,,,,2,,,,,,,,,"[-2.266551463251503, -0.8329596053724515, 0.7889604828270925, -0.9657005214109157]"
traveler (traveler.32),32,52.5,0.9879325109139525,1,,,3.3243480100520424,3.0444823270263095,,,,,,1,,,,,,,,,"[-0.9523939137437889, -0.46105870667920495, -1.2486294650479535, -0.7162493852112308]"
traveler (traveler.33),33,52.5,0.7237298816948784,0,0.0,1.2854744495690773,2.92478481198979,1.9140453898458674,SAV (sav.3),,,,False,0,5.675206415085495,5.406591470530216,normal,,,,,,"[6.99760757876866, -0.9997261376442927, 0.6250657314710518, 5.052990103631514]"
traveler (traveler.11),11,37.5,0.9490491802853993,,,,3.35381828498275,2.0856466690980944,SAV (sav.2),1,5.9825738269304,1,False,,,,,3.35381828498275,2.0856466690980944,46.4651476538608,"[2, 5.9825738269304, 8.9651476538608]","[1.3421582221186803, 2.6843164442373606]",
traveler (traveler.34),34,52.5,0.7265641355994137,0,0.0,1.2854744495690773,2.6633127183516616,3.207972032755471,SAV (sav.2),,,,False,0,4.2215510054457,3.952936060890421,normal,,,,,,"[5.545766580991778, 0.13861147496806256, 0.8207141685777543, -0.6659738385134678]"
traveler (traveler.35),35,52.5,0.6720103168379303,4,,,3.0425015399976947,2.103402036015381,,,,,,4,,,,,,,,,"[4.2097929644087575, 2.3805546470746664, 2.5221500812008717, 2.2543497300571746]"
traveler (traveler.36),36,52.5,0.48430024184259446,4,,,2.7970677725268605,2.8824885132585356,,,,,,4,,,,,,,,,"[-1.2200842682505, 1.4405789208999793, 0.42008649405972304, -0.9403127248192393]"
traveler (traveler.37),37,60.0,2.3574782938797734,1,,,2.4156571088454304,4.855969053876977,,,,,,1,,,,,,,,,"[0.18787094722451597, 1.6626337802952704, -1.4159727584163744, -0.13815791625415846]"
traveler (traveler.34),34,52.5,0.7265641355994137,,,,2.6633127183516616,3.207972032755471,SAV (sav.2),1,5.283370787774611,1,False,,,,,2.6633127183516616,3.207972032755471,60.06674157554922,"[2, 5.283370787774611, 7.566741575549224]","[1.0275168544985753, 2.0550337089971507]",
traveler (traveler.38),38,60.0,1.646344010702726,0,0.06674157554922289,1.2854744495690773,4.105113410069163,2.133858575967043,SAV (sav.2),,,,False,0,4.791289769686957,4.531477371530865,normal,,,,,,"[6.7131258214534, -0.0024898848434251743, -1.4502705258495032, -0.5969290209148896]"
traveler (traveler.39),39,60.0,0.5947984359491837,4,,,2.4845294187027602,1.90540279136047,,,,,,4,,,,,,,,,"[1.6572114891397145, 1.6120563132179466, -0.0577161001858875, -0.5817672543300991]"
traveler (traveler.40),40,60.0,0.8914590236674793,0,0.06674157554922289,1.2854744495690773,2.2459348018717726,1.6455118105097999,SAV (sav.2),,,,False,0,4.994446865658112,4.734634467502021,normal,,,,,,"[6.433026186819035, 1.6548889621060239, 0.18503740490863352, 0.260337749319727]"
traveler (traveler.41),41,60.0,0.6730250768936004,4,,,2.8469218153897455,1.9232782229408014,,,,,,4,,,,,,,,,"[2.4329727536018715, 1.1603080566080326, 1.3266458401611478, 0.0029697916566957857]"
traveler (traveler.20),20,45.0,2.1768310794764396,,,,4.146518773128443,1.0760725164847167,SAV (sav.0),1,9.841120079090768,1,False,,,,,4.146518773128443,1.0760725164847167,61.682240158181536,"[2, 9.841120079090768, 16.682240158181536]","[3.078504035590846, 6.157008071181692]",
traveler (traveler.42),42,60.0,0.9595836407356598,0,1.6822401581815356,1.2854744495690773,2.5041239947775003,3.4595747788653988,SAV (sav.0),,,,False,0,2.023173685178027,1.976429395085311,normal,,,,,,"[3.7184326317639558, -0.8852909577585376, 0.7666383412091874, 0.2984995118910366]"
traveler (traveler.43),43,60.0,0.9189920275154332,1,,,1.9994656969430291,1.729278417260682,,,,,,1,,,,,,,,,"[-0.7154663221183473, 2.5121635094683827, 1.5620126805371548, -0.9957538081528938]"
traveler (traveler.44),44,60.0,0.8264969459356584,0,1.6822401581815356,1.2854744495690773,1.690280863460968,2.6656868177117756,SAV (sav.0),,,,False,0,-0.05515289828314818,-0.10189718837586437,normal,,,,,,"[1.554907584800763, 0.35980132940177195, -0.8268243174247837, 0.7950767855446691]"
traveler (traveler.45),45,60.0,0.5891027632555729,4,,,2.365146253334121,3.073460140450517,,,,,,4,,,,,,,,,"[1.6613929198589505, 3.596991160056906, -0.4452614875319047, -1.0129735581016452]"
traveler (traveler.46),46,67.5,2.445426408362674,2,,,2.8065779496362895,4.926132782745903,,,,,,2,,,,,,,,,"[-0.0988697336648117, -0.2214581761295977, 1.4642429091435536, -0.08368703712712046]"
traveler (traveler.19),19,45.0,3.036242601964705,,,,0.5404467787040751,4.819249945757068,SAV (sav.1),1,12.541989925229913,1,False,,,,,0.5404467787040751,4.819249945757068,67.08397985045983,"[2, 12.541989925229913, 22.083979850459826]","[4.293895466353461, 8.587790932706922]",
traveler (traveler.47),47,67.5,2.233931087693255,0,0.0,1.2854744495690773,0.7562757183377944,3.8963787932019,SAV (sav.1),,,,False,0,-1.4696473102069965,-1.7382622547622757,normal,,,,,,"[0.8195433775778225, 0.12611194378514134, 0.8421966824272952, -0.2542640380360028]"
traveler (traveler.48),48,67.5,1.7997013670401896,3,,,0.7552637083376079,2.0586154929287943,,,,,,3,,,,,,,,,"[-0.5842298383219015, 1.3602604629436565, 1.8563490708793122, 6.842244510360426]"
traveler (traveler.49),49,67.5,0.8839454708938194,1,,,2.23753370920856,1.6559200027770595,,,,,,1,,,,,,,,,"[0.6341696079907885, 0.8649530057655211, 0.009104469986254186, 1.2325049393612606]"
traveler (traveler.50),50,67.5,0.9813308195993832,3,,,1.5867734956067325,2.1407959783503943,,,,,,3,,,,,,,,,"[-0.35913865076913587, -1.2262610783640049, 1.0494934621065555, 1.5267939738767144]"
traveler (traveler.51),51,67.5,0.8173357230053564,2,,,2.2583428810299395,3.280794160423718,,,,,,2,,,,,,,,,"[-0.08278763425329963, 2.256928861721435, 2.6113804251288917, 0.5792013215356451]"
traveler (traveler.52),52,67.5,0.9436370819506467,2,,,1.5840911349158067,2.727072440627471,,,,,,2,,,,,,,,,"[-1.1337946931058251, 0.35893012923807205, 1.9885180819549473, 0.7638471711343213]"
traveler (traveler.53),53,67.5,0.8544510162591274,0,0.0,1.2854744495690773,2.841369152569132,3.2832966493356706,SAV (sav.1),,,,False,0,3.0648361692716053,2.796221224716326,normal,,,,,,"[4.470921429466831, -0.29113728890960705, 0.5339537390759913, 2.1569472594521297]"
traveler (traveler.54),54,67.5,0.2113015898264174,4,,,2.2925046591213443,2.4600745021718953,,,,,,4,,,,,,,,,"[0.14016262405975038, 1.9367022046973086, -1.625826052912529, 1.4883922156356322]"
traveler (traveler.55),55,67.5,0.2924684859728266,4,,,2.320035837823701,2.7305443896940895,,,,,,4,,,,,,,,,"[4.709995733957037, 1.978031352221514, 0.7021830049172386, 1.2969913451775956]"
traveler (traveler.56),56,67.5,0.5523757851610774,4,,,1.949019111147685,2.5392309590990267,,,,,,4,,,,,,,,,"[3.521888294973979, -0.543647638079312, -0.8821855078624238, -0.448235739736679]"
traveler (traveler.57),57,67.5,0.6228064226617159,4,,,2.8330861530762355,1.973747727095114,,,,,,4,,,,,,,,,"[1.6379998195813092, 1.7687776340886512, 0.2921540687236007, 0.36462811217880065]"
traveler (traveler.58),58,67.5,0.6517699122347792,4,,,2.8772740369020653,3.0314774873634356,,,,,,4,,,,,,,,,"[1.6519531954002318, 0.5766220734011785, -0.6708335016680443, 2.5003990360626798]"
traveler (traveler.59),59,67.5,0.33039532246266756,4,,,2.2096560597913206,2.3423248101656164,,,,,,4,,,,,,,,,"[-1.5081100820706401, -0.43456495164138353, -1.3029629347792013, -0.27924314559319613]"
traveler (traveler.60),60,75.0,1.2794022313552027,1,,,3.548206306306168,1.7664240945773564,,,,,,1,,,,,,,,,"[-0.9651353702393353, 0.6963201601184794, -1.105807714662898, -0.06587339085203266]"
traveler (traveler.61),61,75.0,2.4514476193843833,1,,,3.0815393176605346,4.881471698887115,,,,,,1,,,,,,,,,"[-1.2276941748074248, 0.34987462353752674, 0.004812089082336027, 1.6410911108158053]"
traveler (traveler.62),62,75.0,2.3596263060963136,1,,,1.3217463136670027,4.544395890003802,,,,,,1,,,,,,,,,"[-0.9925412425113479, 1.3054774542642054, 0.5735155387325653, -0.2209026051616857]"
traveler (traveler.42),42,60.0,0.9595836407356598,,,,2.5041239947775003,3.4595747788653988,SAV (sav.0),1,6.015680442132715,1.0,False,,,,,2.5041239947775003,3.4595747788653988,,,,
traveler (traveler.44),44,60.0,0.8264969459356584,,,,1.690280863460968,2.6656868177117756,SAV (sav.0),2,10.588691396711265,1.8917061399672361,False,,,,,1.690280863460968,2.6656868177117756,75.86836086645313,"[2.0, 6.015680442132715, 10.588691396711265, 14.1861207082716]","[1.3570561989597218, 2.9649111285200695, 4.13375431872222]",
traveler (traveler.63),63,75.0,1.9623396889832077,0,0.8683608664531306,1.2854744495690773,3.2934742234832775,4.294763413831005,SAV (sav.0),,,,False,0,-0.46423093791549586,-0.6183177677942708,normal,,,,,,"[1.7656224762346013, 0.6805290454508421, 0.8547239507890544, -0.010520309417803402]"
traveler (traveler.64),64,75.0,2.552417738361757,0,0.8683608664531306,1.2854744495690773,0.0358788202003113,3.1655397226058977,SAV (sav.0),,,,False,0,-2.537460074850501,-2.691546904729277,normal,,,,,,"[0.07014517413830607, -0.3738262305640361, -0.2087859533584409, 1.1214896714889842]"
traveler (traveler.33),33,52.5,0.7237298816948784,,,,2.92478481198979,1.9140453898458674,SAV (sav.3),1,5.274463587083495,1.0,False,,,,,2.92478481198979,1.9140453898458674,,,,
traveler (traveler.26),26,52.5,0.8420298786981888,,,,3.300393702191747,2.238496198665726,SAV (sav.3),2,7.834300127245875,1.3875240392075336,False,,,,,3.300393702191747,2.238496198665726,,,,
traveler (traveler.24),24,52.5,2.9091166433637268,,,,4.869611512016552,0.8124275047232876,SAV (sav.3),3,15.498089472629246,1.2763537776393747,False,,,,,4.869611512016552,0.8124275047232876,78.14056105389653,"[2.0, 5.274463587083495, 7.834300127245875, 15.498089472629246, 25.640561053896526]","[1.0235086141875727, 1.7254350572606436, 4.724140262683161, 8.838252474253437]",
traveler (traveler.65),65,75.0,1.6361444774989509,0,3.1405610538965334,1.2854744495690773,3.7722018876938463,1.4711797493252143,SAV (sav.3),,,,False,0,-2.133465120543725,-1.9878714677005902,normal,,,,,,"[0.18724751991389552, -0.9876319624723748, 0.033576743265849585, -0.5727870460317013]"
traveler (traveler.66),66,75.0,1.1845999280156074,0,3.1405610538965334,1.2854744495690773,3.530320525476248,3.0845653122080803,SAV (sav.3),,,,False,0,-0.32753243176771174,-0.181938778924577,normal,,,,,,"[1.7041137330628413, 1.0810536186748319, 1.625110047116126, 2.0780917643381063]"
traveler (traveler.67),67,75.0,0.6952178778653605,4,,,2.1787227014066297,3.1165296384701726,,,,,,4,,,,,,,,,"[2.800709221180179, -0.08507947157140089, 2.650275917566567, 0.06856875424734944]"
traveler (traveler.68),68,75.0,0.4846797188899675,4,,,2.0950009617641685,2.2337478470860574,,,,,,4,,,,,,,,,"[-1.5439686727985844, 1.8908411488117518, 0.3855152406935711, 2.7917668078436746]"
traveler (traveler.69),69,75.0,0.8999813108056484,0,0.8683608664531306,1.2854744495690773,2.8712079299706597,3.319860373799314,SAV (sav.0),,,,False,0,2.4751670023509034,2.321080172472128,normal,,,,,,"[4.024927627020873, 1.518694020970208, 0.20297704948033857, 0.38185183718443333]"
traveler (traveler.40),40,60.0,0.8914590236674793,,,,2.2459348018717726,1.6455118105097999,SAV (sav.2),1,5.8015854257120605,1.0,False,,,,,2.2459348018717726,1.6455118105097999,,,,
traveler (traveler.38),38,60.0,1.646344010702726,,,,4.105113410069163,2.133858575967043,SAV (sav.2),2,12.842620134330218,1.5711625742767255,False,,,,,4.105113410069163,2.133858575967043,79.08332177269614,"[2.0, 5.8015854257120605, 12.842620134330218, 19.016580197146908]","[1.2607134415704273, 3.979179060448598, 6.307461088716109]",
traveler (traveler.70),70,75.0,0.8130012900150383,0,4.083321772696138,1.2854744495690773,2.56853686056273,1.689892725430563,SAV (sav.2),,,,False,0,2.32096426424315,2.590898628288765,normal,,,,,,"[4.239063851508001, 1.068795225341762, -0.28588274308607414, 1.272934622375421]"
traveler (traveler.71),71,75.0,0.9636006142819779,1,,,2.929497676600593,1.6374120974420652,,,,,,1,,,,,,,,,"[-0.5568385285373153, 1.8204237181276859, 1.1088641314260523, 1.4667184460045484]"
traveler (traveler.72),72,82.5,0.5815867017732169,4,,,1.9666548292546713,2.2680818667674196,,,,,,4,,,,,,,,,"[-0.8516091215269636, -0.21306315533539408, -1.1991008180075413, -1.0801286660272624]"
traveler (traveler.73),73,82.5,0.59602869155204,4,,,2.428948852287755,1.9082213796004375,,,,,,4,,,,,,,,,"[0.20521796814349436, 1.823508331423077, 1.30604070221638, 0.0022158909173965718]"
traveler (traveler.74),74,82.5,0.659370812433968,4,,,3.0475847582542137,2.1326843308304078,,,,,,4,,,,,,,,,"[0.4256837701352132, 0.24109771933382418, 0.37897558255190267, 1.0083519306460713]"
traveler (traveler.75),75,82.5,0.7992747919755158,3,3.693354886323206,1.2854744495690773,3.291717745247743,2.6096503759561913,,,,,False,0,-1.5636080972079882,-1.49974923959789,normal,,,,,,"[0.13962865485051512, -0.9598639274871461, -0.4109500626151713, 0.453773585461405]"
traveler (traveler.76),76,82.5,0.804641205173798,2,,,1.7207755143358339,2.2993593510652492,,,,,,2,,,,,,,,,"[-0.07656793926250541, 0.5108416830461341, 1.7574867832801975, -0.3668741461006676]"
traveler (traveler.77),77,82.5,0.3454702386459643,4,,,2.65046570322579,2.1890180745720613,,,,,,4,,,,,,,,,"[-0.06551977764386113, 2.2446443145685544, -0.5655663151244458, -0.30151228992696]"
traveler (traveler.70),70,75.0,0.8130012900150383,,,,2.56853686056273,1.689892725430563,SAV (sav.2),1,4.5550165568135315,1,False,,,,,2.56853686056273,1.689892725430563,86.1933548863232,"[1, 4.5550165568135315, 7.110033113627063]","[1.1497574505660892, 2.2995149011321785]",
traveler (traveler.78),78,90.0,2.85549419873404,0,0.0,1.2854744495690773,0.1325340506712075,4.096543797636781,SAV (sav.2),,,,False,0,-1.4548727528325298,-1.7234876973878086,normal,,,,,,"[1.232225645484809, -0.5649403551900615, -0.20888588183910875, 2.4841882309385563]"
traveler (traveler.79),79,90.0,1.3069269732373894,1,,,2.8000000125336144,3.7720291293265555,,,,,,1,,,,,,,,,"[-1.7469471085244048, 2.196445114556387, -0.09114734479931146, 1.3130526485719751]"
traveler (traveler.80),80,90.0,1.3678900409212265,1,,,2.6809567653479687,3.8558679187613647,,,,,,1,,,,,,,,,"[0.8409910504577814, 2.493447458886792, -0.5495463280799558, -0.3815830562694744]"
traveler (traveler.81),81,90.0,1.7076755399825188,0,0.0,1.2854744495690773,3.584739207954174,1.181100231032874,SAV (sav.2),,,,False,0,0.287524843321856,0.01890989876657745,normal,,,,,,"[2.2398211169674873, 0.6227427134757388, 1.339898071295519, -1.1417691999496444]"
traveler (traveler.53),53,67.5,0.8544510162591274,,,,2.841369152569132,3.2832966493356706,SAV (sav.1),1,5.685280479060293,1.0,False,,,,,2.841369152569132,3.2832966493356706,,,,
traveler (traveler.47),47,67.5,2.233931087693255,,,,0.7562757183377944,3.8963787932019,SAV (sav.1),2,13.51548525129366,1.3487743535634888,False,,,,,0.7562757183377944,3.8963787932019,89.03605334378851,"[2.0, 5.685280479060293, 13.51548525129366, 21.536053343788506]","[1.208376215577132, 4.281968363082147, 7.441224004704828]",
traveler (traveler.82),82,90.0,2.805377675141789,0,0.0,1.2854744495690773,0.19971627046197593,0.8941237084362358,SAV (sav.1),,,,False,0,-0.836604709513151,-1.1052196540684294,normal,,,,,,"[1.8184104605555713, 0.2925410750725766, -0.5562918942097362, -0.48563428291965705]"
traveler (traveler.83),83,90.0,0.7017137434947874,0,0.0,1.2854744495690773,3.1925483173419145,2.3869557345269063,SAV (sav.1),,,,False,0,0.6724103704527478,0.403795425897469,normal,,,,,,"[1.9807174043679852, 1.5822398764130157, -0.6574579529264468, 1.4763359583945375]"
traveler (traveler.84),84,90.0,0.55585830632628,4,,,3.0554292373362726,2.5218361861131275,,,,,,4,,,,,,,,,"[-0.5359327784442094, 0.13959367328147396, -0.7166577753837919, -0.8603051625869178]"
traveler (traveler.85),85,90.0,0.5956279171982268,4,,,2.003971953086219,2.170259507459582,,,,,,4,,,,,,,,,"[1.4069474351624514, -0.22265052913396421, -0.2902374125110832, 0.7119190522629042]"
traveler (traveler.86),86,90.0,0.5642953768373774,4,,,2.516953788207894,3.0640406380620457,,,,,,4,,,,,,,,,"[1.3366969537071627, -0.8374264422578915, 0.7194285604676006, 0.34012700792587713]"
traveler (traveler.87),87,90.0,0.8374357180019507,3,,,2.115618762449106,1.7559908293547142,,,,,,3,,,,,,,,,"[0.403980276774515, -1.179693977226011, 1.1913582019903735, 4.252149044844804]"
traveler (traveler.88),88,90.0,0.9254222634769678,2,,,3.4131343298051053,2.3496934416926014,,,,,,2,,,,,,,,,"[-1.1278223119257311, 0.6743755261623109, 3.2520718628399496, -0.3986399497510908]"
traveler (traveler.89),89,90.0,0.9127176131530794,0,0.0,1.2854744495690773,1.6386746971637285,2.8019472868794475,SAV (sav.1),,,,False,0,0.3537828025080889,0.0851678579528099,normal,,,,,,"[1.797168745061654, 1.0260198132244898, 1.5210411616578374, -0.682678042900766]"
traveler (traveler.90),90,90.0,0.9583822522963221,3,,,3.36471886087854,2.913228548333113,,,,,,3,,,,,,,,,"[-0.7556856465793937, -0.5139021409274526, 0.2436539280748678, 2.2619586552723403]"
traveler (traveler.91),91,90.0,0.8433664814828845,1,,,1.6612492714182885,2.588114910159795,,,,,,1,,,,,,,,,"[0.1447257097718947, 1.5012615272027956, 0.7590764819436456, -0.34615312890323674]"
traveler (traveler.92),92,90.0,0.614122629987952,4,,,3.005045958580579,2.849392593488676,,,,,,4,,,,,,,,,"[0.16119912003630804, 0.02089721223573223, 0.8128109395083691, -1.0870088954166226]"
traveler (traveler.93),93,90.0,0.46203302676133995,4,,,2.6629953327186575,2.0676725322973577,,,,,,4,,,,,,,,,"[1.0197497015148291, 2.0977269152542033, -0.6476568544806105, 2.250632282856803]"
traveler (traveler.94),94,90.0,0.4191247839283374,4,,,2.6959721724625605,2.8704868312413816,,,,,,4,,,,,,,,,"[-0.5725011654694364, 0.3492440008273607, 2.81665547790156, -0.30940042841634435]"
traveler (traveler.95),95,90.0,0.8019165382817279,1,,,1.828580445519034,2.9384813750096246,,,,,,1,,,,,,,,,"[-1.9074842907944798, 1.3765890646030536, -0.16261917603970844, -0.25684445870090233]"
traveler (traveler.96),96,90.0,0.6058713247157692,4,,,2.9073401575621167,2.0514979842296013,,,,,,4,,,,,,,,,"[-0.49335173508363694, 8.45773003741098, -1.408399741486181, 2.644798933758118]"
traveler (traveler.97),97,90.0,0.9099855836077582,3,,,3.3402480806486277,2.849366462815551,,,,,,3,,,,,,,,,"[-1.9912955460323876, -0.5135435165467087, 1.8645268350981623, 3.283095628734559]"
traveler (traveler.66),66,75.0,1.1845999280156074,,,,3.530320525476248,3.0845653122080803,SAV (sav.3),1,6.722838409301921,1.0,False,,,,,3.530320525476248,3.0845653122080803,,,,
traveler (traveler.65),65,75.0,1.6361444774989509,,,,3.7722018876938463,1.4711797493252143,SAV (sav.3),2,12.849885611772994,1.5782404729822967,False,,,,,3.7722018876938463,1.4711797493252143,97.13235268807144,"[2.0, 6.722838409301921, 12.849885611772994, 18.9917916341749]","[1.6752772841858643, 3.9824485252978468, 6.2963062353787045]",
traveler (traveler.98),98,97.5,1.1754594817120951,0,0.0,1.2854744495690773,1.7458287921699318,1.598373257701945,SAV (sav.3),,,,False,0,0.946531224226155,0.6779162796708762,normal,,,,,,"[2.5581173278290046, -0.9387897548466, -1.0426678306951624, 0.8140016693619054]"
traveler (traveler.99),99,97.5,2.2978253219027156,0,0.0,1.2854744495690773,0.9828963062087376,0.7741965371855847,SAV (sav.3),,,,False,0,-1.1591873708998928,-1.427802315455172,normal,,,,,,"[1.170906658796488, 0.5259598027262031, -0.8505326029495714, 0.533215650128221]"
traveler (traveler.100),100,97.5,2.0192136061274906,2,,,1.6207549253285132,0.6822674328063777,,,,,,2,,,,,,,,,"[0.43599291986739863, -0.546813718162501, 3.467241881806956, 0.32132817289477483]"
traveler (traveler.101),101,97.5,2.379252129685399,1,,,0.5531103963002543,1.1323518114594116,,,,,,1,,,,,,,,,"[-0.7723269072257146, -0.6659379425678031, 0.3928267487101083, -0.28897538798133426]"
traveler (traveler.102),102,97.5,1.9025371409749878,1,,,3.842051000907519,3.8485350139141388,,,,,,1,,,,,,,,,"[0.8927035515928438, 1.379026663491817, 0.9926580010905078, 0.15629655633616543]"
traveler (traveler.103),103,97.5,1.6896152998021983,3,,,2.8485257486544553,4.153278459259215,,,,,,3,,,,,,,,,"[1.5415880667606046, 1.896477754601954, 0.27311500489137014, 4.267994815814799]"
traveler (traveler.104),104,97.5,2.4500368149623846,1,,,0.05194764185248668,2.401409704131568,,,,,,1,,,,,,,,,"[0.5752080961936312, 1.1378414246901856, 1.0955754772186705, -0.039577099137602975]"
traveler (traveler.105),105,97.5,2.6169579270193695,2,,,4.9274670223376065,3.477687397511551,,,,,,2,,,,,,,,,"[-1.2004541506312407, -0.5387905875261735, 1.9352537900892772, -0.05711687622146815]"
traveler (traveler.69),69,75.0,0.8999813108056484,,,,2.8712079299706597,3.319860373799314,SAV (sav.0),1,5.828368390274808,1.0,False,,,,,2.8712079299706597,3.319860373799314,,,,
traveler (traveler.63),63,75.0,1.9623396889832077,,,,3.2934742234832775,4.294763413831005,SAV (sav.0),2,10.167244907315915,1.1091089796538394,False,,,,,3.2934742234832775,4.294763413831005,,,,
traveler (traveler.64),64,75.0,2.552417738361757,,,,0.0358788202003113,3.1655397226058977,SAV (sav.0),3,22.00252061070884,1.996331749319141,False,,,,,0.0358788202003113,3.1655397226058977,106.89235654923499,"[2.0, 5.828368390274808, 10.167244907315915, 22.00252061070884, 31.02399568278186]","[1.2727657756236637, 2.7752602082921625, 7.651134274818978, 11.260798057251836]",
traveler (traveler.106),106,97.5,2.4492547920758407,0,9.39235654923499,1.2854744495690773,0.8706452491116756,4.328674966270419,SAV (sav.0),,,,False,0,-1.2533934945218528,-0.28325053379852827,normal,,,,,,"[2.412399447268748, -0.6805016121214201, -0.6342449706831923, 2.593753979849805]"
traveler (traveler.107),107,97.5,2.6840131012091692,1,,,4.940594951565674,3.616880750060008,,,,,,1,,,,,,,,,"[-2.3094941899874755, 1.7865488222405186, -0.9439488328690946, -0.217292481237817]"
traveler (traveler.108),108,97.5,2.3710918598347845,0,0.0,1.2854744495690773,0.26325617134418555,1.7132003731921914,SAV (sav.3),,,,False,0,-2.056093753697643,-2.3247086982529224,normal,,,,,,"[0.3209035105204539, -0.47109864923309797, -1.2434020707080282, -0.6967233596254078]"
traveler (traveler.109),109,97.5,1.2797866688247546,1,9.39235654923499,1.2854744495690773,3.754479326464075,2.7532499500015812,,,,,False,0,-0.03541149483956918,0.4541347892086405,normal,,,,,,"[2.4011232503147233, 1.8873312706627972, 0.8937110750712809, -0.2847530913903925]"
traveler (traveler.110),110,97.5,0.6221072221126346,4,,,1.9434656597213158,2.7780052587547015,,,,,,4,,,,,,,,,"[3.4339007957320615, 0.4869903770977826, 3.6834688320006244, -1.1588111744086924]"
traveler (traveler.111),111,97.5,0.9485950077254273,1,,,2.150334704634421,3.381797408648101,,,,,,1,,,,,,,,,"[-0.21359523072957798, 1.2615880541070086, -0.7132340833077537, 1.149025251177961]"
traveler (traveler.112),112,97.5,0.3964098245628295,4,,,2.284935343067857,2.1670015880689624,,,,,,4,,,,,,,,,"[0.36524619554920496, 0.49699139957336874, -0.2042208091510755, 0.8297838686625758]"
traveler (traveler.113),113,97.5,0.8252627005332077,3,9.39235654923499,1.2854744495690773,2.8278717698823037,3.257336535105503,,,,,False,0,-0.7367662608410583,0.10632145796837578,normal,,,,,,"[1.7623361009818697, 0.008536892975239954, -1.5023949276721995, 1.3129428792584394]"
traveler (traveler.114),114,97.5,0.938683088371101,2,,,2.325690577810378,1.5776431462119294,,,,,,2,,,,,,,,,"[-0.9388102304171032, -0.5482146707735386, 1.760185312454535, 0.09226279304142425]"
traveler (traveler.115),115,97.5,0.33668941271063607,4,,,2.8278529717008793,2.4233697867787423,,,,,,4,,,,,,,,,"[-0.135538700752172, 0.2502438330539802, -0.9761445746081757, -0.3625116261931741]"
traveler (traveler.116),116,97.5,0.701041043728642,2,,,2.7604533798200253,1.8491370482717047,,,,,,2,,,,,,,,,"[-2.106885412603702, 0.004933940288405701, 2.2698302742457854, 1.7689040745419469]"
traveler (traveler.117),117,97.5,0.09872784080873005,4,,,2.5440927217944997,2.5883346955363904,,,,,,4,,,,,,,,,"[1.195703011606406, -1.0254118902000815, 0.017471760984564374, 2.4830118192360864]"
traveler (traveler.118),118,97.5,0.8845131600590699,1,,,2.112281926069514,1.7049916821407993,,,,,,1,,,,,,,,,"[1.584938146081375, 1.6975826454877558, -0.8199895975016349, 1.4587255659567462]"
traveler (traveler.119),119,97.5,0.9982183719432519,3,,,3.271247452735827,1.8662671819027081,,,,,,3,,,,,,,,,"[-1.2084324716884256, 0.7745317063454764, 0.5209295353021157, 1.387938311486731]"
traveler (traveler.120),120,97.5,0.7573806559581611,3,,,3.2568547994813777,2.5282182657443357,,,,,,3,,,,,,,,,"[-2.400142506565667, -0.7725272358794242, -0.22619053622066407, 0.5975450311852953]"
traveler (traveler.121),121,97.5,0.7312175186482245,3,,,2.1345309594113933,1.8666664070576156,,,,,,3,,,,,,,,,"[-0.5968980756500089, -0.621309985344392, 0.05673032884305208, 0.32681106937265253]"
traveler (traveler.122),122,97.5,0.7907909499479402,1,,,1.8155385113742704,2.1039409171502115,,,,,,1,,,,,,,,,"[-0.659944965397761, 0.5910892617002506, 0.4009977904409436, 0.4220644891763659]"
traveler (traveler.123),123,97.5,0.8052480352724422,1,,,2.220675598919178,1.7447501888308954,,,,,,1,,,,,,,,,"[-0.9420184993924196, 3.2217519766834477, -0.11421342708842608, -0.7808825930199952]"
traveler (traveler.124),124,97.5,0.7031868439846228,1,,,3.0190110393968217,2.025553713749085,,,,,,1,,,,,,,,,"[3.6487700263592555, 4.158005992138058, -1.1507035079359613, 0.0076385745929502015]"
traveler (traveler.125),125,97.5,0.3699225518277781,4,,,2.2932863681484155,2.193222933129768,,,,,,4,,,,,,,,,"[4.509646930882924, -0.22694476876629047, -0.6006115127917011, 1.671058957500436]"
traveler (traveler.126),126,97.5,0.5297526664502687,4,,,2.6714558644907433,3.0012392384310127,,,,,,4,,,,,,,,,"[2.7235507386353945, 0.3415381414383845, -0.8501455470806752, -0.45223171679552726]"
traveler (traveler.127),127,105.0,1.7460023875920887,1,,,1.5535339472607668,3.967217212443164,,,,,,1,,,,,,,,,"[-2.2495120081981943, 2.1929551824918176, 1.1295163104918082, 0.7244148287294983]"
traveler (traveler.128),128,105.0,2.7149510568133413,3,,,1.1285466677499016,4.843090906975651,,,,,,3,,,,,,,,,"[0.8023024645554054, -0.17470264625225768, 1.0670749019178536, 3.515638189310143]"
traveler (traveler.129),129,105.0,1.9712721884211257,1,,,1.372423027952581,4.11693667561565,,,,,,1,,,,,,,,,"[-2.2760906501008815, 1.3009279314949365, -0.5163126010320612, 0.8707942247386985]"
traveler (traveler.130),130,105.0,2.2957909468184416,3,,,4.715006174003315,1.8963413873548118,,,,,,3,,,,,,,,,"[0.018617976048334626, 0.28172688551166414, -0.275420529453086, 1.9917645988266672]"
traveler (traveler.131),131,105.0,2.1735475330154577,0,1.8923565492349894,1.2854744495690773,0.49449449519045785,3.338007487112261,SAV (sav.0),,,,False,0,0.5990488228387378,0.580016783562062,normal,,,,,,"[3.0991665150469356, 0.029622410138891418, 2.569973746722415, -1.5828848464637266]"
traveler (traveler.132),132,105.0,1.534217702839402,2,,,3.2480522811300663,3.839493092330795,,,,,,2,,,,,,,,,"[0.6942654914551991, 1.104527310050943, 2.4874350674058436, 0.04056220958644157]"
traveler (traveler.83),83,90.0,0.7017137434947874,,,,3.1925483173419145,2.3869557345269063,SAV (sav.1),1,5.2052735398976075,1.0,False,,,,,3.1925483173419145,2.3869557345269063,,,,
traveler (traveler.89),89,90.0,0.9127176131530794,,,,1.6386746971637285,2.8019472868794475,SAV (sav.1),2,11.259782555884001,1.9187159486955312,False,,,,,1.6386746971637285,2.8019472868794475,,,,
traveler (traveler.82),82,90.0,2.805377675141789,,,,0.19971627046197593,0.8941237084362358,SAV (sav.1),3,19.76970498663847,1.6730661534180247,False,,,,,0.19971627046197593,0.8941237084362358,119.58615644389229,"[2.0, 5.2052735398976075, 11.259782555884001, 19.76970498663847, 29.586156443892293]","[0.9923730929539236, 3.266902150147801, 6.646367243987312, 10.613770399751534]",
traveler (traveler.133),133,105.0,2.083202300964562,0,14.586156443892293,1.2854744495690773,3.1305129527832047,0.5145062973868059,SAV (sav.1),,,,False,0,0.8842343675310769,2.539387596360753,normal,,,,,,"[5.000700780270102, -0.48748153751349227, 1.7077104186661987, -0.14427829144787976]"
traveler (traveler.134),134,105.0,0.22667304575867725,4,,,2.2748165720178006,2.5259440443204415,,,,,,4,,,,,,,,,"[-2.2585809921377837, 0.6757090399484218, 3.976629462813381, -0.06904229851019761]"
traveler (traveler.135),135,105.0,0.9161407209318637,0,14.586156443892293,1.2854744495690773,2.6644593274809036,1.59874146320044,SAV (sav.1),,,,False,0,1.6372536929076666,3.292406921737342,normal,,,,,,"[5.006599188860489, 0.6811037305941204, 1.2216362813226243, 0.7324375716679628]"
traveler (traveler.136),136,105.0,0.9362055674059595,0,1.8923565492349894,1.2854744495690773,2.6919134656791783,3.4163242254425676,SAV (sav.0),,,,False,0,0.4316390095014895,0.4126069702248134,normal,,,,,,"[2.139644203500029, -0.6335521891550526, -0.1414335475522745, -0.5946337154621089]"
traveler (traveler.137),137,105.0,0.910845908238979,1,,,3.4028338993425336,2.379454495091494,,,,,,1,,,,,,,,,"[-0.8959026730826917, 0.9829384534704683, -0.38710557769224707, -0.3014869921034822]"
traveler (traveler.138),138,105.0,0.6061672290160083,4,,,2.507009589026794,1.8938733010379585,,,,,,4,,,,,,,,,"[1.4231185997425018, 1.501792684651873, 5.037698522523952, 4.896723743554238]"
traveler (traveler.139),139,105.0,0.7898935727446733,1,,,2.17709475392589,1.7791227161845347,,,,,,1,,,,,,,,,"[0.8354246597944781, 2.9991640012874283, -0.23476136076822096, -0.039162008123101714]"
traveler (traveler.140),140,105.0,0.4947915743254143,4,,,2.3353583588706193,2.033403994841741,,,,,,4,,,,,,,,,"[-1.2314869976028813, 0.8512136683820619, 0.8277054091926781, 0.48004697462677703]"
traveler (traveler.141),141,105.0,0.34564680473173665,4,,,2.1551617127344653,2.5236277222142105,,,,,,4,,,,,,,,,"[-1.3346603780888044, 0.11075552063004118, -0.23510535741402022, 1.1564264990231234]"
traveler (traveler.142),142,105.0,0.8263397716988703,1,,,1.6763787319791437,2.4330266832607377,,,,,,1,,,,,,,,,"[0.8664085991549311, 0.9776873961702096, 0.42821493842545, 0.4925287244499086]"
traveler (traveler.143),143,105.0,0.6439233562076503,4,,,2.3534878464176483,3.127033872707357,,,,,,4,,,,,,,,,"[2.9110899597567212, -1.164352453480631, 2.542378614838818, 0.9100032714686269]"
traveler (traveler.144),144,105.0,0.7209492703088519,2,,,3.1966701875435106,2.31447776373988,,,,,,2,,,,,,,,,"[1.0057463702359268, -0.33192422482831924, 2.228015992177166, 0.6059982036476435]"
traveler (traveler.145),145,105.0,0.6327423150517646,4,,,2.3038909977979,1.8984153455145625,,,,,,4,,,,,,,,,"[2.567367888148016, -0.8141636430869519, -0.0885342828248145, 1.0928197300959464]"
traveler (traveler.146),146,105.0,0.5449264271461801,4,,,2.888087269046588,2.117464926305754,,,,,,4,,,,,,,,,"[2.1357751021854057, 0.5891189792419627, 1.2526765335019001, 0.8522921727414867]"
traveler (traveler.147),147,105.0,0.6991304085490901,4,,,2.9521246971540327,1.9667396635962957,,,,,,4,,,,,,,,,"[2.739072986343599, 0.4305556743804094, -0.17296583849475353, 0.5910807519013777]"
traveler (traveler.148),148,105.0,0.9852407690250496,0,14.586156443892293,1.2854744495690773,3.4731758689914014,2.3462856514117765,SAV (sav.1),,,,False,0,2.2660861379625263,3.921239366792202,normal,,,,,,"[5.679667595551499, 0.5988119362413132, 0.13904645557261933, 0.6684631878731778]"
traveler (traveler.149),149,105.0,0.5497845721790499,4,,,2.6790579499744194,1.980191067451646,,,,,,4,,,,,,,,,"[0.9966111216772839, 0.8967762444177112, 2.0182740238793224, -0.3993075425624783]"
traveler (traveler.150),150,105.0,0.5275555697344749,4,,,2.5777603550907093,1.9782067398537682,,,,,,4,,,,,,,,,"[-1.791276273200616, -0.5638129422809235, 0.16163792881765218, 3.6508055609336103]"
traveler (traveler.151),151,112.5,1.3638406501265987,1,,,1.1839216978591556,2.1422302114881475,,,,,,1,,,,,,,,,"[0.24009541015511765, 0.7568652501993288, -0.3893671920641419, -0.2806385496898634]"
traveler (traveler.152),152,112.5,2.366933369283268,1,,,0.19891969527707776,1.9455606382633843,,,,,,1,,,,,,,,,"[0.09514197127780102, 1.8005561988741923, -0.1760870299443256, -0.022842698622599536]"
traveler (traveler.98),98,97.5,1.1754594817120951,,,,1.7458287921699318,1.598373257701945,SAV (sav.3),1,6.694112757905098,1.0,False,,,,,1.7458287921699318,1.598373257701945,,,,
traveler (traveler.99),99,97.5,2.2978253219027156,,,,0.9828963062087376,0.7741965371855847,SAV (sav.3),2,11.223647046459929,1.0980571992904433,False,,,,,0.9828963062087376,0.7741965371855847,,,,
traveler (traveler.108),108,97.5,2.3710918598347845,,,,0.26325617134418555,1.7132003731921914,SAV (sav.3),3,15.941618254475733,1.5252768435902615,False,,,,,0.26325617134418555,1.7132003731921914,121.89324106738862,"[2.0, 6.694112757905098, 11.223647046459929, 15.941618254475733, 24.39324106738862]","[1.6623507410572942, 3.250641170906968, 4.92372821451408, 8.276958480324879]",
traveler (traveler.153),153,112.5,2.4807462241193377,0,9.393241067388615,1.2854744495690773,2.0401240701203847,4.9377481325189665,SAV (sav.3),,,,False,0,1.163286734671793,2.1335463544943987,normal,,,,,,"[4.849356289399405, 1.1462857919784808, 1.0623666695579472, -0.7453013221431565]"
traveler (traveler.154),154,112.5,2.0114023777713776,3,,,0.49762546935218144,2.6903569392412034,,,,,,3,,,,,,,,,"[-1.6018855016270175, 2.360062145481086, 0.013009964043655144, 4.830988437619697]"
traveler (traveler.155),155,112.5,1.9077869140378847,0,9.393241067388615,1.2854744495690773,3.595973583223557,4.0615674222557,SAV (sav.3),,,,False,0,0.500155890432453,1.4704155102550587,normal,,,,,,"[3.8194325592034803, 2.0849029891366975, 0.5023515577727615, 2.267841589200486]"
traveler (traveler.156),156,112.5,2.0796019918998936,1,,,0.6609680360462306,1.529069580108674,,,,,,1,,,,,,,,,"[-1.3500188665807848, 1.2289005378873892, -0.274506246278421, 0.2018957572389538]"
traveler (traveler.157),157,112.5,2.1429307455480173,1,,,1.8057704954256126,4.527362221013646,,,,,,1,,,,,,,,,"[1.3667908075256172, 2.2954355774646062, 0.3625089434754782, 0.9508683376653814]"
traveler (traveler.158),158,112.5,1.542108678872179,1,,,2.44018323855272,4.040948127778108,,,,,,1,,,,,,,,,"[1.0422397306094693, 1.7078774057443578, -0.15706055539890812, -0.7425543727121087]"
traveler (traveler.159),159,112.5,0.5909209191501484,4,,,2.0725375249845324,2.907999221988115,,,,,,4,,,,,,,,,"[-0.3567752576551971, 0.9838985493748756, 0.6977511264193893, 0.6811314205321914]"
traveler (traveler.160),160,112.5,0.23060878078180694,4,,,2.599798037596974,2.707896035232672,,,,,,4,,,,,,,,,"[-0.1565044319839587, 0.38251576650725966, -0.8176949683780391, -0.8924813995487807]"
traveler (traveler.161),161,112.5,0.2037308804827011,4,,,2.6514476432298544,2.3637286419588497,,,,,,4,,,,,,,,,"[1.2795973669894194, 0.31048347416165006, 1.4038277747270054, 3.2323510362988266]"
traveler (traveler.81),81,90.0,1.7076755399825188,,,,3.584739207954174,1.181100231032874,SAV (sav.2),1,8.366706463946837,1.0,False,,,,,3.584739207954174,1.181100231032874,,,,
traveler (traveler.78),78,90.0,2.85549419873404,,,,0.1325340506712075,4.096543797636781,SAV (sav.2),2,23.567221717343728,1.968207383947298,False,,,,,0.1325340506712075,4.096543797636781,123.54117421318233,"[2.0, 8.366706463946837, 23.567221717343728, 33.54117421318234]","[2.415017908776077, 8.805249772804677, 12.84352839593205]",
traveler (traveler.162),162,112.5,0.7208710034505763,0,11.04117421318233,1.2854744495690773,1.8012697023368605,2.3227121697819584,SAV (sav.2),,,,False,0,0.5105491085079379,1.6981546309292768,normal,,,,,,"[3.2873405634757034, 0.25319098282660796, -0.9116872506872219, -1.1861620826277064]"
traveler (traveler.163),163,112.5,0.9233948377364787,2,,,2.6396728241720764,3.4127702495952494,,,,,,2,,,,,,,,,"[-1.1571879029589565, -1.2861114664601343, 1.9038164657428749, 0.44301636681443585]"
traveler (traveler.164),164,112.5,0.504425014847371,4,,,2.1071094932737746,2.816356832276751,,,,,,4,,,,,,,,,"[3.8199426418934133, 0.028356682367350255, 1.3153145714308265, 0.15813319813904272]"
traveler (traveler.165),165,112.5,0.8283755089052981,1,,,1.687159876943086,2.6596775441410987,,,,,,1,,,,,,,,,"[-1.4254071601565959, 1.2836689605170861, 1.1247776520392403, 0.6523535597082576]"
traveler (traveler.166),166,112.5,0.9389600379260428,1,,,2.7337296449761608,3.4094044237199386,,,,,,1,,,,,,,,,"[0.7386671698155888, 2.43045683250008, 0.2860562134075631, 0.2204829699016667]"
traveler (traveler.167),167,112.5,0.5143695643086291,4,,,2.188840872313318,2.090419670950481,,,,,,4,,,,,,,,,"[-0.5574890256238529, -0.4227934719572445, -1.1384013604304775, 0.7927157204215882]"
traveler (traveler.168),168,112.5,0.3348120005591346,4,,,2.65414903577336,2.2027843367375244,,,,,,4,,,,,,,,,"[0.22899090481762505, 0.7811688693083361, 0.8065427876986424, 0.04849057443724242]"
traveler (traveler.169),169,112.5,0.6474432376575457,4,,,1.9409974344902126,2.8266479415853727,,,,,,4,,,,,,,,,"[-0.9296271869122884, 0.4240021264255398, 0.4586076002888452, 1.7781543698675062]"
traveler (traveler.170),170,112.5,0.7707550782313698,3,,,2.2709546431499543,1.7640641229530387,,,,,,3,,,,,,,,,"[-0.3522266128459452, 0.6595833978288631, 0.478431970611527, 1.1312001858430438]"
traveler (traveler.171),171,112.5,0.7000676480681399,2,,,2.559303675510642,3.197551278360656,,,,,,2,,,,,,,,,"[-1.4060969987022613, -0.058504037827445315, 0.5055047289898913, -0.5993715214435691]"
traveler (traveler.172),172,112.5,0.991874844023824,1,,,3.225663111124213,1.8238130766120855,,,,,,1,,,,,,,,,"[-0.20327417276774415, 1.3083652683499245, 0.09564372462010212, -0.003784073400475659]"
traveler (traveler.173),173,112.5,0.7810909761522764,0,11.04117421318233,1.2854744495690773,2.6846756777855907,1.7410546745246078,SAV (sav.2),,,,False,0,2.645231728959162,3.8328372513805005,normal,,,,,,"[5.460574364073286, 2.264326270473924, 2.255730026452109, 0.5167282646158776]"
traveler (traveler.174),174,112.5,0.9286922685614837,3,,,1.9178170887482981,1.776444620272665,,,,,,3,,,,,,,,,"[0.7733155885111843, -0.5664699275524426, 0.6875371463011936, 2.399750615160513]"
traveler (traveler.175),175,112.5,0.9207919718140944,2,,,1.6047225655888335,2.2847416185338005,,,,,,2,,,,,,,,,"[0.16845940416557662, 0.9418135731534205, 1.8898532031127728, -0.7950075999287495]"
traveler (traveler.176),176,112.5,0.24522650888328393,4,,,2.537070791157767,2.74240832721262,,,,,,4,,,,,,,,,"[3.166728281978236, 1.937762302776681, 0.6469403034989698, -0.917591516668932]"
traveler (traveler.177),177,120.0,2.236925759421605,1,,,0.3155709885947272,2.0182254185877935,,,,,,1,,,,,,,,,"[-1.0379202814505202, -0.23729616365614523, 0.7528643383146254, 0.9491954476333166]"
traveler (traveler.178),178,120.0,1.4625197542602482,1,,,2.24314955001287,3.9397888310244893,,,,,,1,,,,,,,,,"[0.14392061901446668, 0.10587688840114198, 0.5033246961955713, -0.422935204756229]"
traveler (traveler.179),179,120.0,2.1838874868026243,0,3.5411742131823303,1.3448777165901402,1.1829655708188342,0.7579366063875509,SAV (sav.2),,,,False,0,1.9665367623070575,1.4488765675737794,normal,,,,,,"[4.725861797510671, 1.5862373721098109, 3.5331100301438436, 0.7034374070935892]"
traveler (traveler.180),180,120.0,2.727557794872701,3,12.397304109267452,1.3448777165901402,0.8737844352330026,4.689747579352558,,,,,False,0,-2.7495542113341136,-2.2813839474595605,normal,,,,,,"[1.349728828326828, -1.0969456670272264, 0.11666694299650449, 1.6665001675611955]"
traveler (traveler.136),136,105.0,0.9362055674059595,,,,2.6919134656791783,3.4163242254425676,SAV (sav.0),1,5.942210245766015,1.0,False,,,,,2.6919134656791783,3.4163242254425676,,,,
traveler (traveler.106),106,97.5,2.4492547920758407,,,,0.8706452491116756,4.328674966270419,SAV (sav.0),2,13.34390893311733,1.247413116410075,False,,,,,0.8706452491116756,4.328674966270419,,,,
traveler (traveler.131),131,105.0,2.1735475330154577,,,,0.49449449519045785,3.338007487112261,SAV (sav.0),3,17.67414667191458,1.7978338563724419,False,,,,,0.49449449519045785,3.338007487112261,132.39730410926745,"[2.0, 5.942210245766015, 13.34390893311733, 17.67414667191458, 25.504947560032456]","[1.323994610594707, 4.2047590199027995, 5.703366002361562, 8.777226402014605]",
traveler (traveler.181),181,120.0,2.165397337529261,0,12.397304109267452,1.3448777165901402,3.1735560942787693,0.4420233681504687,SAV (sav.0),,,,False,0,3.338131850188774,3.9885066274501626,normal,,,,,,"[7.253448030296679, 0.5394576360259649, 0.4036496445218691, 1.3467282630431758]"
traveler (traveler.182),182,120.0,2.8107625489695502,1,,,0.9185100269810625,0.1763658696063264,,,,,,1,,,,,,,,,"[-2.0753402202302564, -0.11824447240275575, -0.2471686116762955, 0.9677679499634235]"
traveler (traveler.183),183,120.0,0.8068102312831376,1,,,2.9266497207451785,3.1847720533806934,,,,,,1,,,,,,,,,"[-0.3103491670018432, -0.057605648896510785, -1.0418481525610641, -0.7280371555873058]"
traveler (traveler.184),184,120.0,0.8463587279603066,3,12.397304109267452,1.3448777165901402,3.2295960151640237,2.071032925446059,,,,,False,0,-0.20494849059083786,0.19087548962791923,normal,,,,,,"[2.5966419499517728, 0.7116622461623314, 0.4628506510669604, 1.8710028893210657]"
traveler (traveler.185),185,120.0,0.9425631220074574,3,12.397304109267452,1.3448777165901402,1.6080131437929492,2.195394209965885,,,,,False,0,-1.321677311258993,-0.9079239203108049,normal,,,,,,"[1.560506668360966, 0.10625644599622028, -0.02448271165523805, 0.8739467789921845]"
traveler (traveler.186),186,120.0,0.460002789583927,4,,,2.913465579384207,2.701615428698988,,,,,,4,,,,,,,,,"[2.486813953770134, 2.419812529747857, 2.186508409732235, 0.8777935772578689]"
traveler (traveler.187),187,120.0,0.6431634581574893,4,,,1.9862698833199177,2.1130366927924955,,,,,,4,,,,,,,,,"[1.0534280339387312, -0.5808639083699392, 0.5434985130106245, 0.21184171900395177]"
traveler (traveler.188),188,120.0,0.6172008693876684,4,,,3.067646150997115,2.257688711713519,,,,,,4,,,,,,,,,"[-1.2302460954378827, 0.19255204496260145, 4.715327498561364, 1.7534303338412192]"
traveler (traveler.189),189,120.0,0.955665442229612,1,,,2.9867665966073424,3.322407878062476,,,,,,1,,,,,,,,,"[0.794040888693021, 0.4107891290320312, 0.09441055381721711, -1.2829996191623043]"
traveler (traveler.190),190,120.0,0.8046488115232051,1,,,2.744468044899045,1.7333872653621354,,,,,,1,,,,,,,,,"[-1.07631141532258, 5.333871403070125, -0.8463157630741395, 0.002058181006882456]"
traveler (traveler.191),191,120.0,0.4014165834226701,4,,,2.330665108555425,2.863951875920682,,,,,,4,,,,,,,,,"[0.4353277007413279, 0.8877838588261787, 0.23914757121146762, -0.6544132743186731]"
traveler (traveler.192),192,120.0,0.6785830184999296,4,,,2.4712306506528563,3.1779728884952685,,,,,,4,,,,,,,,,"[-1.5784980561928756, -1.0396693284210545, 1.007462448090533, 0.3488695392077321]"
traveler (traveler.193),193,120.0,0.7440713782553878,0,12.397304109267452,1.3448777165901402,1.7953997226938123,2.7391247899296847,SAV (sav.0),,,,False,0,-0.22572454839887834,0.42465022886251,normal,,,,,,"[2.7637903393843377, 0.9739997623258375, 0.3900143343016373, 1.0859733952131136]"
traveler (traveler.194),194,120.0,0.13614365339467221,4,,,2.3718181776339824,2.4541250092689344,,,,,,4,,,,,,,,,"[0.8213652638922696, -1.2103109583953668, 2.6768434046015197, 0.23019414706639585]"
traveler (traveler.195),195,127.5,1.0542858036182856,1,,,1.6574293390914878,1.8662861552031174,,,,,,1,,,,,,,,,"[-1.9332262723091873, 0.569763674153849, -1.360657752787826, 0.4815227853826139]"
traveler (traveler.196),196,127.5,1.2112809385547971,3,,,3.5435518398937456,3.1149805440504346,,,,,,3,,,,,,,,,"[1.5903455868607097, -0.7613073562673686, -1.2531310233490096, 3.8188887822470323]"
traveler (traveler.197),197,127.5,1.1589043638420233,3,16.8297951820702,1.3448777165901402,3.2097940620318073,3.416106824576955,,,,,False,0,-1.3713285561565103,-1.1708765057782737,normal,,,,,,"[1.4384710906824028, -0.9540937192949356, -0.635705139131963, 1.0934115451140571]"
traveler (traveler.135),135,105.0,0.9161407209318637,,,,2.6644593274809036,1.59874146320044,SAV (sav.1),1,5.87915251685357,1.0,False,,,,,2.6644593274809036,1.59874146320044,,,,
traveler (traveler.148),148,105.0,0.9852407690250496,,,,3.4731758689914014,2.3462856514117765,SAV (sav.1),2,10.340180349404376,1.6961367174163327,False,,,,,3.4731758689914014,2.3462856514117765,,,,
traveler (traveler.133),133,105.0,2.083202300964562,,,,3.1305129527832047,0.5145062973868059,SAV (sav.1),3,17.196765522198085,1.8012981981800753,False,,,,,3.1305129527832047,0.5145062973868059,144.3297951820702,"[2.0, 5.87915251685357, 10.340180349404376, 17.196765522198085, 24.743638738177914]","[1.2956186325841066, 2.853081157231969, 5.488544484989138, 8.434637432180061]",
traveler (traveler.198),198,127.5,1.8876872894799308,0,16.8297951820702,1.3448777165901402,4.304990157633783,1.947393599648664,SAV (sav.1),,,,False,0,-1.5142970706987051,-0.2793210458453621,normal,,,,,,"[2.804729886593528, -0.0072491858050308155, 0.2692948415778322, -1.0457366540447284]"
traveler (traveler.199),199,127.5,2.6013336078855165,1,,,4.7686529487867295,1.2271487370961387,,,,,,1,,,,,,,,,"[3.7207036718938262, 8.357479287130305, 1.0480849994446584, -0.7884771587320164]"
traveler (traveler.200),200,127.5,1.8881136856157308,2,,,4.383127329785391,2.637130411013611,,,,,,2,,,,,,,,,"[0.2668356056095037, -0.46195520532853207, 0.745064061565175, -0.41522924502695535]"
traveler (traveler.201),201,127.5,1.0156514016016542,1,,,1.633195217327531,1.9706633979106125,,,,,,1,,,,,,,,,"[-2.3460381610616823, 4.426431966515184, 2.703749416582915, 2.3312269615643624]"
traveler (traveler.202),202,127.5,2.3070962372828085,1,,,4.460973939283318,1.284568283474485,,,,,,1,,,,,,,,,"[2.0410043208498827, 2.6052765401109808, 0.26230203123328055, 0.9180450421160007]"
traveler (traveler.203),203,127.5,2.4270512634771637,3,,,3.816051256593718,4.539261367643734,,,,,,3,,,,,,,,,"[0.529223527273919, -0.11978828976566368, 0.7145051789527128, 1.947068720934495]"
traveler (traveler.204),204,127.5,0.8071038930283537,1,,,2.5114088196918054,3.3070232542961597,,,,,,1,,,,,,,,,"[-0.7043269037961227, 2.6693607819867817, 0.05383646038147624, 0.3271770238010071]"
traveler (traveler.205),205,127.5,0.9850664419774423,1,,,2.0571369593633557,3.3799023936483885,,,,,,1,,,,,,,,,"[0.2436344713566772, 1.9282294186658357, 1.4121339893518143, 0.3881349783899855]"
traveler (traveler.206),206,127.5,0.43278228332757557,4,,,2.105629065782587,2.3217527812090335,,,,,,4,,,,,,,,,"[-0.4909972568460044, 0.5333289191659724, 0.2010317525767805, -0.9242833848711205]"
traveler (traveler.207),207,127.5,0.5307859660136329,4,,,2.535927651441829,1.9704313589543845,,,,,,4,,,,,,,,,"[1.5286273239044155, 1.949743856544069, 3.1945565124869537, 0.36722648644686656]"
traveler (traveler.208),208,127.5,0.6577394457688832,4,,,2.2807072758711384,3.1201063454476987,,,,,,4,,,,,,,,,"[-0.37525923222028895, -1.5971912979898217, -1.3280518423970216, 0.9875319449893589]"
traveler (traveler.209),209,127.5,0.6739393959400123,4,,,1.8267322296469741,2.5300802061803758,,,,,,4,,,,,,,,,"[2.5961922083254763, 3.8842359521193175, 0.5847115825783871, 0.1801595968699552]"
traveler (traveler.210),210,127.5,0.7956781513235399,1,,,3.2836080521189817,2.361934286848829,,,,,,1,,,,,,,,,"[0.9650163556417527, 1.4272092999820771, -0.1618826245754489, 0.3715757653142833]"
traveler (traveler.211),211,127.5,0.9829317256061303,1,,,3.096115058667193,1.7184620200954699,,,,,,1,,,,,,,,,"[0.42149912392792255, -0.28933252765676565, -0.7167363502886456, -1.8710045475941615]"
traveler (traveler.212),212,127.5,0.7021984727283129,3,,,3.1155540930829417,2.1621008233351073,,,,,,3,,,,,,,,,"[-0.4036958724267514, 0.27544336316419693, -1.0897525377337027, 2.6591229648097086]"
traveler (traveler.213),213,127.5,0.8516083083736079,1,,,2.149916393323262,3.2763235016584034,,,,,,1,,,,,,,,,"[0.7635028595386779, 1.072384339011838, -0.4447202949453815, 1.1216083470524305]"
traveler (traveler.214),214,127.5,0.9822044187148743,1,,,1.5269229027308489,2.6335907291441556,,,,,,1,,,,,,,,,"[0.8845784593320183, 3.3446005279033217, -0.507921930978968, -0.800268567581336]"
traveler (traveler.215),215,127.5,0.4058899799617567,4,,,2.094940359343269,2.4740507544542165,,,,,,4,,,,,,,,,"[1.6449938710194805, -1.288654574223755, 0.46433448868944216, 0.11944352050009925]"
traveler (traveler.216),216,135.0,1.1124270169633514,1,,,3.397672989765867,1.8429786369418495,,,,,,1,,,,,,,,,"[1.09394043621663, 3.470973669641313, -0.3037951246816476, -1.1540352697094176]"
traveler (traveler.217),217,135.0,3.295865282030198,1,,,0.2909357238114618,4.945968720355926,,,,,,1,,,,,,,,,"[0.8817165565944264, 0.5927820750801505, 1.1725228150852613, 1.356018343601751]"
traveler (traveler.218),218,135.0,1.366056663884827,3,,,3.859403671302645,2.365343149476034,,,,,,3,,,,,,,,,"[-1.930040638250763, -0.1510275155364516, -0.9172132175698458, 8.927470893948596]"
traveler (traveler.153),153,112.5,2.4807462241193377,,,,2.0401240701203847,4.9377481325189665,SAV (sav.3),1,10.79623323323425,1.0,False,,,,,2.0401240701203847,4.9377481325189665,,,,
traveler (traveler.155),155,112.5,1.9077869140378847,,,,3.595973583223557,4.0615674222557,SAV (sav.3),2,17.40782647497266,1.9351499094457343,False,,,,,3.595973583223557,4.0615674222557,146.2966633822508,"[2.0, 10.79623323323425, 17.40782647497266, 24.403422314862194]","[3.5083049549554133, 6.033521913737696, 8.731540041687985]",
traveler (traveler.219),219,135.0,1.927679819680464,0,11.296663382250813,1.3448777165901402,0.8732307961943864,1.4657991274646127,SAV (sav.3),,,,False,0,-1.231400839566278,-0.7261895677911143,normal,,,,,,"[2.383911079634972, 0.9628489081273929, 0.2595583201440684, -1.1463751950368473]"
traveler (traveler.220),220,135.0,3.1704040553662285,1,,,0.4575187599538344,4.924815922568579,,,,,,1,,,,,,,,,"[-0.8443633658751258, 0.49167984742202864, -1.1841985786958893, 1.4461015620257067]"
traveler (traveler.221),221,135.0,2.4316934468874236,2,,,4.137814391742214,0.7025860137861062,,,,,,2,,,,,,,,,"[-1.24787998165814, -0.8539838626330322, 2.7827949749088794, 0.9606748339492529]"
traveler (traveler.222),222,135.0,2.391005590963988,1,,,4.888957524371397,2.598942825764846,,,,,,1,,,,,,,,,"[1.3112058065844714, 1.2035648027417087, 0.24184890004191392, -0.6559084595310994]"
traveler (traveler.223),223,135.0,1.4306881018114612,2,,,2.4496465806956946,1.070198273245816,,,,,,2,,,,,,,,,"[0.5980574119609419, 1.1964460262341376, 3.6845486157167, 1.261989886919898]"
traveler (traveler.224),224,135.0,2.3089144975398272,2,,,1.6185226834838566,0.3659700336178284,,,,,,2,,,,,,,,,"[-0.7083985781505173, -0.783791782445999, 1.648925575488597, 0.8097718753709572]"
traveler (traveler.225),225,135.0,3.043154419781238,2,,,0.010889231746434302,0.7492526150245932,,,,,,2,,,,,,,,,"[0.23148894642959503, -0.382464713696237, 2.4115677825645503, -0.750040501190726]"
traveler (traveler.226),226,135.0,1.693952868683752,3,,,2.8436791801015913,4.158722684021235,,,,,,3,,,,,,,,,"[1.8355591736418502, 1.156839522111375, 0.749640866412274, 2.394114417515984]"
traveler (traveler.227),227,135.0,2.344973530156725,1,,,2.779671545724482,4.828236389125419,,,,,,1,,,,,,,,,"[0.3293557430955007, 0.753433970413303, 0.9744607085738178, 0.5259388937870687]"
traveler (traveler.228),228,135.0,0.5441483102173365,4,,,2.2189077616228445,2.965923316691173,,,,,,4,,,,,,,,,"[1.3834273573005662, -0.9543731647587999, 2.2704773129482523, 0.481913106457542]"
traveler (traveler.229),229,135.0,0.5211693518199658,4,,,2.6096007893188493,3.009514632034379,,,,,,4,,,,,,,,,"[2.74110061654665, -0.34962919983018975, -0.755624489775739, 3.526023365002486]"
traveler (traveler.230),230,135.0,0.8338300993699198,1,,,3.314972369384691,2.3236688576718416,,,,,,1,,,,,,,,,"[0.11310582818694553, 1.134203203929022, 0.011714915492107325, 0.9786800747646027]"
traveler (traveler.231),231,135.0,0.8708112644380077,2,,,1.9313560644289343,3.159512193071797,,,,,,2,,,,,,,,,"[1.4709934735295795, 0.2648811623214, 2.81197311824629, 1.613880078170398]"
traveler (traveler.232),232,135.0,0.8698915400884301,0,11.296663382250813,1.3448777165901402,1.6507761928931772,2.3115053927550853,SAV (sav.3),,,,False,0,1.5965782859917073,2.101789557766872,normal,,,,,,"[4.522884456819432, 0.09659521656918672, -0.5751802459313728, 0.3886946390014617]"
traveler (traveler.233),233,135.0,0.702486608361793,3,9.3297951820702,1.3448777165901402,2.9835056671413893,3.0096172139653596,,,,,False,0,-0.9663660410120932,-0.7958703127256661,normal,,,,,,"[1.5161829543755405, 0.27923907502474776, 0.19434088465804888, 0.9306167308113719]"
traveler (traveler.234),234,135.0,0.8630561541078854,2,,,2.2428676450561946,3.3238621712304472,,,,,,2,,,,,,,,,"[-0.2945057079170824, 1.2428738989762609, 5.073640011080704, 0.1071662446147641]"
traveler (traveler.235),235,135.0,0.7738818716424177,2,9.3297951820702,1.3448777165901402,3.2153074435386353,2.204655434322902,,,,,False,0,-0.4038661977932434,-0.18784558852111122,normal,,,,,,"[2.170712019530029, 0.16570181133594766, 1.463356800045283, 0.43853121365132597]"
traveler (traveler.236),236,135.0,0.5354996822028579,4,,,2.5622924110364815,1.9681357643471185,,,,,,4,,,,,,,,,"[1.1052604461509867, 1.1018699518854964, 0.07328959772476303, 0.42678819082495545]"
traveler (traveler.237),237,135.0,0.8841058258329195,0,9.3297951820702,1.3448777165901402,1.6249848486291607,2.626457882882705,SAV (sav.1),,,,False,0,0.6235841271058686,0.8693851519592117,normal,,,,,,"[3.2997387323338554, 0.424415238107662, 0.3225946181769651, 0.7955278895967757]"
traveler (traveler.238),238,135.0,0.9367668683710786,1,,,1.5654184118996632,2.4360514201751875,,,,,,1,,,,,,,,,"[2.3579319159737198, 2.9230560573928184, 2.1699434312389556, -0.584224280308798]"
traveler (traveler.239),239,135.0,0.32257227915118225,4,,,2.2027173800282025,2.374796489108763,,,,,,4,,,,,,,,,"[0.18021716124808135, -1.0536458621186584, -0.16922103264759322, 0.8757140908288563]"
traveler (traveler.240),240,135.0,0.6585085026676889,4,,,2.77185886280297,1.9002282043967742,,,,,,4,,,,,,,,,"[-0.6747519446083733, -0.24597687246980746, -0.6819147548629586, 1.2734753324094144]"
traveler (traveler.241),241,135.0,0.33905736924479685,4,,,2.827371280050904,2.588249332218635,,,,,,4,,,,,,,,,"[-0.015610935586946484, 1.603851851566544, -1.2745120095578277, 0.6907608986461086]"
traveler (traveler.242),242,135.0,0.8206635580561523,0,11.296663382250813,1.3448777165901402,2.9131898130996303,1.7909422774751858,SAV (sav.3),,,,False,0,0.2662889032217639,0.7715001749969286,normal,,,,,,"[3.1605297134707637, 1.3593931749839816, -0.1362703812011785, -0.5660916407898002]"
traveler (traveler.243),243,135.0,0.9730787182374318,3,,,3.446754599619176,2.724806405572744,,,,,,3,,,,,,,,,"[1.9227506294838494, 0.5539508478218373, -0.1400376725801393, 2.206439593163054]"
traveler (traveler.244),244,135.0,0.9342898992794296,3,,,1.82528982341679,3.1462691339609377,,,,,,3,,,,,,,,,"[0.8181369146636748, 2.3941656015828867, 1.2602657487195859, 3.7275200287371533]"
traveler (traveler.245),245,142.5,2.6423959340508203,1,,,3.686570861372619,0.13900320558672796,,,,,,1,,,,,,,,,"[-0.9828398567838683, 2.3900083663301093, 1.427314821739826, 1.1143969108089764]"
traveler (traveler.246),246,142.5,2.365682886248223,2,,,4.3422084812297665,1.015842518472908,,,,,,2,,,,,,,,,"[-1.6297537980333365, 0.6903147775907068, 3.153554102391727, 0.6101649873981083]"
traveler (traveler.247),247,142.5,1.9971248049223345,1,,,3.2669918147269676,4.343971540609536,,,,,,1,,,,,,,,,"[-1.6681602563799527, -0.34381014080837846, -1.3076488604796108, 0.7661630331165712]"
traveler (traveler.248),248,142.5,1.7336157360674356,0,1.8297951820701996,1.3448777165901402,3.9492126594021792,1.5485767565541086,SAV (sav.1),,,,False,0,1.5480640925146911,0.8046901173680343,normal,,,,,,"[3.7883843073376373, 0.328254923265329, 1.5062562886751327, 1.88290962807667]"
traveler (traveler.249),249,142.5,1.191914541073081,3,,,3.1204449532552143,3.5176975647025928,,,,,,3,,,,,,,,,"[-0.5900766155299045, 0.581945596087569, -0.9968969559716306, 1.4390830979138463]"
traveler (traveler.250),250,142.5,1.3190641222366364,1,,,2.006199550580207,1.2768518999218785,,,,,,1,,,,,,,,,"[0.29814512327733506, 6.905442940622108, 1.8027886460126035, 0.21863131322293852]"
traveler (traveler.162),162,112.5,0.7208710034505763,,,,1.8012697023368605,2.3227121697819584,SAV (sav.2),1,5.265478999558461,1.0,False,,,,,1.8012697023368605,2.3227121697819584,,,,
traveler (traveler.173),173,112.5,0.7810909761522764,,,,2.6846756777855907,1.7410546745246078,SAV (sav.2),2,9.589512781751605,1.7580171819456023,False,,,,,2.6846756777855907,1.7410546745246078,,,,
traveler (traveler.179),179,120.0,2.1838874868026243,,,,1.1829655708188342,0.7579366063875509,SAV (sav.2),3,16.230329097129946,1.6455278967795333,False,,,,,1.1829655708188342,0.7579366063875509,147.63479953816375,"[2.0, 5.265478999558461, 9.589512781751605, 16.230329097129946, 24.093625324981424]","[1.0194655498013072, 2.515280751788222, 5.053648093708476, 8.142131396241641]",
traveler (traveler.251),251,142.5,2.3989142255519758,0,5.1347995381637475,1.3448777165901402,4.132214659395278,0.7419713406173406,SAV (sav.2),,,,False,0,1.4236232324610247,1.116146281839547,normal,,,,,,"[4.533192298902436, 2.026102929311745, -0.32694838485656863, -0.2631092980265854]"
traveler (traveler.252),252,142.5,0.8759864894008895,2,,,3.3744499418566942,2.5518616312867137,,,,,,2,,,,,,,,,"[-0.11350615493109459, 0.8224436851414111, 2.419373405788547, 0.6080176038410678]"
traveler (traveler.253),253,142.5,0.7170721194011055,1,,,1.9069021244204472,2.9030227467593046,,,,,,1,,,,,,,,,"[-0.9697929511278609, 1.533308068365793, -0.09413705552946032, -0.9176815368063922]"
traveler (traveler.254),254,142.5,0.8418187755106495,0,5.1347995381637475,1.3448777165901402,2.6740291236352585,3.3236338476100853,SAV (sav.2),,,,False,0,3.7829241161499914,3.4754471655285126,normal,,,,,,"[5.8782564619326045, 2.117550478356274, 1.0999098701211172, 3.4910738039841633]"
traveler (traveler.255),255,142.5,0.9737003035164737,1,,,3.231133460181966,3.143067760403535,,,,,,1,,,,,,,,,"[-0.5937873261421981, 2.333476482536909, 2.024292099602999, 1.4208307933790036]"
traveler (traveler.256),256,142.5,0.7093900224484662,1,,,3.106708908943796,2.1323881071596515,,,,,,1,,,,,,,,,"[0.39191673351975836, 3.8307996270824898, 0.21734229952965203, -0.45913956752882623]"
traveler (traveler.257),257,142.5,0.5410645019840931,4,,,2.6437402231357927,1.978377968678309,,,,,,4,,,,,,,,,"[-1.6835366008365678, 2.4387973796308096, 3.0358841539364483, 0.312932890446003]"
traveler (traveler.258),258,142.5,0.8222908545329831,2,,,2.91118162178134,3.2121038711858336,,,,,,2,,,,,,,,,"[-0.6769312906653422, -0.18768174178092661, 0.520821216458483, -1.9291030592470049]"
traveler (traveler.259),259,142.5,0.3896984644948787,4,,,2.1841216223447044,2.7282230132119123,,,,,,4,,,,,,,,,"[-0.8071574792668248, -0.09315938608239202, -1.5597105366570128, 2.2074437566004668]"
traveler (traveler.260),260,142.5,0.8422441854952591,2,,,1.9321508805912941,1.877968935191071,,,,,,2,,,,,,,,,"[0.31916596537044867, 1.8497962889848367, 3.061446715891667, 2.917674168085341]"
traveler (traveler.193),193,120.0,0.7440713782553878,,,,1.7953997226938123,2.7391247899296847,SAV (sav.0),1,5.338390743338691,1.0,False,,,,,1.7953997226938123,2.7391247899296847,,,,
traveler (traveler.181),181,120.0,2.165397337529261,,,,3.1735560942787693,0.4420233681504687,SAV (sav.0),2,14.757058962393389,1.5050257092200519,False,,,,,3.1735560942787693,0.4420233681504687,154.95955036646188,"[2.0, 5.338390743338691, 14.757058962393389, 22.562246257194438]","[1.0522758345024108, 4.8406765330770245, 7.903010815737496]",
traveler (traveler.261),261,142.5,0.9424431452906703,0,12.459550366461883,1.3448777165901402,1.6320336505613682,2.132803188538426,SAV (sav.0),,,,False,0,-0.49220262795796055,0.16638180816480208,normal,,,,,,"[2.6347342482607834, 0.07885759165921258, 0.12539426466526263, 0.37774633728317514]"
traveler (traveler.262),262,142.5,0.7155231320464243,0,12.459550366461883,1.3448777165901402,1.813526560769059,2.701810727474949,SAV (sav.0),,,,False,0,-0.3254784856543478,0.3331059504684144,normal,,,,,,"[2.6536507464802863, 0.7183629018024136, 0.48317519828229366, -0.5243427900688618]"
traveler (traveler.263),263,142.5,0.7656820842199824,0,5.1347995381637475,1.3448777165901402,3.193673233497038,2.1758295213545504,SAV (sav.2),,,,False,0,-0.2239426022915465,-0.5314195529130252,normal,,,,,,"[1.8217970045909513, 0.22086951080734718, 0.5380872412166583, -0.7310712142054664]"
traveler (traveler.264),264,142.5,0.8997098119432545,2,,,2.8992274888298954,1.6937152129244022,,,,,,2,,,,,,,,,"[0.030208256217657478, 0.07233743150429528, 0.7465746182637111, -0.062449073393278653]"
traveler (traveler.265),265,142.5,0.7433055006951936,1,12.459550366461883,1.3448777165901402,1.7601046461545993,2.4288808554486074,,,,,False,0,-1.1520050758578766,-0.7967318829768253,normal,,,,,,"[1.5419093620804234, 0.4399449500924982, -0.28144232179357775, 0.03234475325939084]"
traveler (traveler.266),266,142.5,0.9109704479563807,1,,,1.7559332200601105,3.0255775718576023,,,,,,1,,,,,,,,,"[-0.129991242206746, 5.225271585947703, 0.1890070942779333, -1.4039312284552157]"
traveler (traveler.267),267,142.5,0.7355409758945168,3,24.547015811529292,1.3448777165901402,2.440342126685753,1.7668823659388082,,,,,False,0,0.3961868206280563,2.366795847537344,normal,,,,,,"[4.700379556673399, 1.4339019098576835, -0.10643973400627103, 2.334287316754767]"
traveler (traveler.268),268,142.5,0.6398632029469548,4,,,2.518602683895021,1.8604072712753548,,,,,,4,,,,,,,,,"[-0.25646612660921175, -0.5377526413005844, -0.8526405977494912, -0.6635676103537559]"
traveler (traveler.269),269,142.5,0.9332464000628135,2,,,3.258342500525381,1.956064806133016,,,,,,2,,,,,,,,,"[-1.495657348103346, -0.025893001642374385, 3.1298444224867907, -0.5581444672792844]"
traveler (traveler.270),270,142.5,0.9566760771640277,3,,,1.613741019916289,2.139758224467327,,,,,,3,,,,,,,,,"[2.2598479226148163, -0.7809416109677205, -0.1656603982064282, 3.068497973094199]"
traveler (traveler.271),271,142.5,0.8204643612861217,2,24.547015811529292,1.3448777165901402,2.3826823346064447,1.6879665440837741,,,,,False,0,-0.8649679647900941,0.647117806659347,normal,,,,,,"[3.036017595425933, -1.3928574780416916, 1.0575782569437666, -0.6798766935884384]"
traveler (traveler.272),272,142.5,0.8777720302001281,2,,,3.328249073622726,2.2093331648695527,,,,,,2,,,,,,,,,"[-1.6821178773890473, -1.1621706829243852, -0.08622684677571552, -0.4747763969826772]"
traveler (traveler.273),273,142.5,0.2612939511881075,4,,,2.37002638030212,2.72667462828937,,,,,,4,,,,,,,,,"[1.4975382298207944, 0.1332629175739106, 0.8639048681869516, -0.040498244325677994]"
traveler (traveler.274),274,150.0,2.2856929182263026,1,,,3.146878590176083,4.692245471201087,,,,,,1,,,,,,,,,"[4.435058516616298, 5.542743054181498, -0.41640275040008545, 1.8079023868866806]"
traveler (traveler.275),275,150.0,2.691064571476282,0,4.959550366461883,1.3448777165901402,0.4467526777961872,0.760458692149652,SAV (sav.0),,,,False,0,-2.34453657243003,-2.675127136307268,normal,,,,,,"[0.932215248766804, -0.604873880616191, 0.07310729659811988, -0.19568751672876386]"
traveler (traveler.276),276,150.0,2.4949474869277934,1,,,4.175766115424837,4.348396842921256,,,,,,1,,,,,,,,,"[-1.0870250427132793, -0.4277984048868207, 0.21681379807153023, -0.45720241205104867]"
traveler (traveler.277),277,150.0,2.0949965091532547,1,,,0.4801791420711671,3.0561780966920193,,,,,,1,,,,,,,,,"[0.41844353793903905, 1.9616308133930809, 1.0298353061749244, -0.5713116410326081]"
traveler (traveler.278),278,150.0,1.809076277012514,1,,,4.241380856497184,2.9902547181563817,,,,,,1,,,,,,,,,"[0.4159624751384529, 0.9397063403930711, -0.044499544689539566, -0.21782497561257355]"
traveler (traveler.279),279,150.0,0.7091132793219813,1,18.77190286255052,1.3448777165901402,3.0533179069807104,2.0565127547208824,,,,,False,0,0.38611161936296035,1.8343617241760315,normal,,,,,,"[4.150731369584919, 1.9569788203208993, 0.1468102476966069, 0.3250777322127358]"
traveler (traveler.280),280,150.0,0.6279635763740566,4,,,3.0698110578979225,2.763919706633942,,,,,,4,,,,,,,,,"[4.058183875667687, 1.1032568843815496, 2.014902426898211, 1.1779758614319231]"
traveler (traveler.281),281,150.0,0.9184123694832153,3,,,1.6110893144990746,2.2690907675686214,,,,,,3,,,,,,,,,"[-1.6664777350889997, -0.1619621396057229, 0.22608459547911844, 0.40126173472554455]"
traveler (traveler.282),282,150.0,0.8697663198834521,2,,,3.053112810676578,1.8287625830832583,,,,,,2,,,,,,,,,"[1.3340566218620171, -0.029557164682103506, 1.705174175223954, -0.6605138002505225]"
traveler (traveler.237),237,135.0,0.8841058258329195,,,,1.6249848486291607,2.626457882882705,SAV (sav.1),1,5.778476554368845,1.0,False,,,,,1.6249848486291607,2.626457882882705,,,,
traveler (traveler.248),248,142.5,1.7336157360674356,,,,3.9492126594021792,1.5485767565541086,SAV (sav.1),2,14.83007720122508,1.7554067061158576,False,,,,,3.9492126594021792,1.5485767565541086,,,,
traveler (traveler.198),198,127.5,1.8876872894799308,,,,4.304990157633783,1.947393599648664,SAV (sav.1),3,17.509678866476257,1.9602371573367579,False,,,,,4.304990157633783,1.947393599648664,168.77190286255052,"[2.0, 5.778476554368845, 14.83007720122508, 17.509678866476257, 24.442107680480312]","[1.2503144494659804, 4.873534740551285, 5.629355489914315, 8.29894845621614]",
traveler (traveler.283),283,150.0,0.85112720738693,0,18.77190286255052,1.3448777165901402,2.655591174999808,3.3367848644762006,SAV (sav.1),,,,False,0,3.928376885515933,5.419497492347826,normal,,,,,,"[7.828369970954668, -0.2808431308123963, -0.09903181778366768, -0.9513148812010437]"
traveler (traveler.284),284,150.0,0.836710250716892,2,,,2.9876228403907206,1.8200676436703354,,,,,,2,,,,,,,,,"[-0.021627941148138177, -0.39541085201822446, 1.3092046095864323, -0.18165400400376308]"
traveler (traveler.285),285,150.0,0.6707152385234915,4,,,3.0043067569080852,2.057808156877048,,,,,,4,,,,,,,,,"[0.5852089920916899, 1.7907046154363084, 0.9712581593983776, 0.7946112253062099]"
traveler (traveler.286),286,150.0,0.6123219869086074,4,,,3.11038955725081,2.548608682875233,,,,,,4,,,,,,,,,"[2.8384087991562708, 0.30442519291864373, 2.3453298822944113, -0.3915287378814757]"
traveler (traveler.287),287,150.0,0.9290337137285489,1,,,3.3571388831851916,2.8583525863954407,,,,,,1,,,,,,,,,"[-1.1342631398424965, 5.197051103991486, -0.6866367015597069, 2.0037813343066135]"
traveler (traveler.242),242,135.0,0.8206635580561523,,,,2.9131898130996303,1.7909422774751858,SAV (sav.3),1,5.57909674210749,1.0,False,,,,,2.9131898130996303,1.7909422774751858,,,,
traveler (traveler.232),232,135.0,0.8698915400884301,,,,1.6507761928931772,2.3115053927550853,SAV (sav.3),2,10.870545725264435,1.895869328521659,False,,,,,1.6507761928931772,2.3115053927550853,,,,
traveler (traveler.219),219,135.0,1.927679819680464,,,,0.8732307961943864,1.4657991274646127,SAV (sav.3),3,15.48095034822865,1.709070088636081,False,,,,,0.8732307961943864,1.4657991274646127,168.83572694137953,"[2.0, 5.57909674210749, 10.870545725264435, 15.48095034822865, 22.539063559128728]","[1.1605935339483706, 3.0917455763689965, 4.716427656702893, 7.442578601607928]",
traveler (traveler.288),288,150.0,0.9312928936408498,0,18.835726941379534,1.3448777165901402,2.8364243769631314,1.6315962388779537,SAV (sav.3),,,,False,0,8.428361310338744,9.927899674927394,normal,,,,,,"[12.388989236779441, 0.3506646521104745, -0.26537521488957433, 1.1291155479911352]"
traveler (traveler.289),289,150.0,0.5741303613691305,4,,,1.928917966959905,2.440915455619593,,,,,,4,,,,,,,,,"[1.6212443422399752, -0.830760321358205, 0.7919082701557391, -0.5022992758002564]"
traveler (traveler.290),290,150.0,0.5863107312886662,4,,,2.590892243441232,1.9207773539419661,,,,,,4,,,,,,,,,"[0.9920392441722954, -0.8595700464497651, 1.0639628032087705, -1.038417371682204]"
traveler (traveler.291),291,150.0,0.6246516779478225,4,,,2.171535456394135,1.968680169430106,,,,,,4,,,,,,,,,"[-0.6054030935156649, -0.9857966352103744, 1.8542766349573487, 1.433223706798767]"
traveler (traveler.292),292,150.0,0.5661808525068582,4,,,2.495756330512256,3.0661649485924323,,,,,,4,,,,,,,,,"[1.1606544449815976, -0.4991204297886667, 0.8422235516819969, -1.5466702501606135]"
traveler (traveler.293),293,150.0,0.27606929352345705,4,,,2.4896199591306516,2.2241259171685543,,,,,,4,,,,,,,,,"[1.3380257399440192, 0.35385546258269057, -0.6944975086303974, 0.3911676686188659]"
traveler (traveler.294),294,150.0,0.5754127610742245,4,,,1.977863184155302,2.2581881079296915,,,,,,4,,,,,,,,,"[0.5355704447084687, 2.2476684816800865, -0.04826431205919605, 2.4895722301055256]"
traveler (traveler.295),295,150.0,0.761176204490891,2,,,2.8991701589676997,3.148114494879462,,,,,,2,,,,,,,,,"[-0.7400690270845526, -0.5313869216951048, 2.2401535563147457, -0.2468736082864867]"
traveler (traveler.296),296,150.0,0.08175854920680425,4,,,2.462827726385488,2.572819519654618,,,,,,4,,,,,,,,,"[-1.7225769874081667, 2.060081848014912, 1.2732058374096493, -0.6521527847264611]"
traveler (traveler.297),297,150.0,0.4427470467929953,4,,,2.6972603235260104,2.103624783561923,,,,,,4,,,,,,,,,"[5.246563664409826, -0.5052245424433208, 0.26351263217276166, -0.7708427713403402]"
traveler (traveler.298),298,157.5,2.0953402094549918,1,,,4.591682567167608,2.3762477007647327,,,,,,1,,,,,,,,,"[-1.751555523317363, 1.7849281912289279, -0.8088873984139027, 0.6552291584479469]"
traveler (traveler.299),299,157.5,1.9009229630642528,2,,,4.395942159692974,2.362481133644435,,,,,,2,,,,,,,,,"[-1.2790076618343413, 1.0026218253327273, 2.099705164035986, -0.5104372842882081]"
traveler (traveler.300),300,157.5,1.3160413823955,3,,,1.8214574701280417,1.3723719782958472,,,,,,3,,,,,,,,,"[0.24289437905588143, 0.2946034213206532, 1.867864273479226, 2.631277502192224]"
traveler (traveler.301),301,157.5,2.6322351972089186,1,,,1.4755330929969839,4.924691669033642,,,,,,1,,,,,,,,,"[-1.599333060076765, -0.01925672657148683, 0.6960565897092158, 1.5056883358751092]"
traveler (traveler.302),302,157.5,1.1117625922680419,3,,,1.4037904509695576,2.6853124015845413,,,,,,3,,,,,,,,,"[2.024569713614041, 1.5248218520239978, -1.2453459237116418, 3.88546284520971]"
traveler (traveler.303),303,157.5,1.6527841707245352,1,,,0.906954342044276,2.940341965597198,,,,,,1,,,,,,,,,"[1.3128916968417987, 0.7184225891268553, 0.0602184887101789, 1.255437796054129]"
traveler (traveler.304),304,157.5,3.0963094007790017,0,11.271902862550519,1.3448777165901402,0.6252630470340198,4.9642429390253415,SAV (sav.1),,,,False,0,-1.855553498684671,-1.3536078918527785,normal,,,,,,"[2.5176965944046312, -0.08415075253809295, 0.22378926053404596, 0.14574658706128926]"
traveler (traveler.305),305,157.5,0.4216416232172474,4,,,2.0880084169545086,2.4103083396912224,,,,,,4,,,,,,,,,"[1.009347651603341, 0.8831005786455738, 0.35578086321983604, -1.1970399620994088]"
traveler (traveler.306),306,157.5,0.47665518743468377,4,,,2.761590847873464,2.8984600306395056,,,,,,4,,,,,,,,,"[1.8183912927798012, 1.5329291961437657, 2.2173486893419483, -0.7225482140157691]"
traveler (traveler.307),307,157.5,0.46104160999808946,4,,,2.3637138879067043,2.0595621930395573,,,,,,4,,,,,,,,,"[4.960348671145691, 0.8504432992171383, 1.5560131363481677, 1.8405716316451766]"
traveler (traveler.308),308,157.5,0.7203591225891144,0,11.335726941379534,1.3448777165901402,2.965023057718203,1.94984472983732,SAV (sav.3),,,,False,0,-1.1720013815511365,-0.6616380169624849,normal,,,,,,"[1.6620567716776649, 0.14415227485681456, -1.220192391312561, 0.49555850140513125]"
traveler (traveler.309),309,157.5,0.3489959155224933,4,,,2.1969876039390925,2.673152062895049,,,,,,4,,,,,,,,,"[-0.6505966630842582, 1.829663630515785, 0.5450378991099909, 0.19129069706790075]"
traveler (traveler.310),310,157.5,0.19361914891969534,4,,,2.3398170040982182,2.3912351957096556,,,,,,4,,,,,,,,,"[-0.6077707879630894, 0.024586102586075173, 1.5658591068801868, -1.6314835036884294]"
traveler (traveler.311),311,157.5,0.680230317532284,4,,,2.0515025283276778,3.0114325984854764,,,,,,4,,,,,,,,,"[-1.0977455809761445, -0.38700957903230265, 0.77655358317627, 0.6542707283181233]"
traveler (traveler.312),312,157.5,0.4962192024304042,4,,,2.3656420368610984,2.97768340415157,,,,,,4,,,,,,,,,"[0.3632029285986544, 0.529003085453121, -0.9646604765469393, -0.15019262900275082]"
traveler (traveler.313),313,157.5,0.6163108523051374,4,,,3.0782165882523147,2.71331817489126,,,,,,4,,,,,,,,,"[0.6379542863566415, 1.2788566058271145, 5.762566124328574, 0.1444831414818894]"
traveler (traveler.314),314,157.5,0.5673889089712795,4,,,1.9418215676983213,2.398181476455121,,,,,,4,,,,,,,,,"[0.751957677338861, 0.27604110988850894, -0.44450843091195047, 0.4308684321353941]"
traveler (traveler.315),315,157.5,0.8634115745958397,1,,,2.7443051660273627,3.32812712369443,,,,,,1,,,,,,,,,"[1.1522948419343146, 0.833830445138078, 1.0463204394984247, 0.7698535261354253]"
traveler (traveler.316),316,157.5,0.16570523535956994,4,,,2.466874075784422,2.662360395941973,,,,,,4,,,,,,,,,"[-1.5990695175270484, -0.6757728625122249, -0.9320946198136988, -0.8354479268871725]"
traveler (traveler.317),317,157.5,0.8184779446357794,3,,,3.3072859898498503,2.634890609188917,,,,,,3,,,,,,,,,"[-0.7835183138748103, -0.684099670982961, 1.001959495548726, 1.5215544915207577]"
traveler (traveler.318),318,165.0,2.313277107719103,0,3.771902862550519,1.3448777165901402,1.5030375649612426,4.587418712242192,SAV (sav.1),,,,False,0,1.1917724494017121,0.7045430562336041,normal,,,,,,"[4.065808093681417, -1.550553489778326, 0.3637470261149348, -0.8471354378931061]"
traveler (traveler.319),319,165.0,2.678682941489916,1,,,3.664531368056014,0.08769633050839609,,,,,,1,,,,,,,,,"[-0.549369530363487, -0.04671941899617934, 0.34141750577180763, 0.19721022714635486]"
traveler (traveler.320),320,165.0,2.0135713356022515,0,3.8357269413795336,1.3448777165901402,1.7782487269801017,0.6202275075283203,SAV (sav.3),,,,False,0,-0.11664033082512226,-0.5954519662364706,normal,,,,,,"[2.570595366692174, 0.1680649288295818, -0.3696405173782712, 1.2456034954709254]"
traveler (traveler.321),321,165.0,2.100988407958231,2,,,4.496758673959395,1.846465694593788,,,,,,2,,,,,,,,,"[1.657842124618949, 0.851721401744457, 3.0218434410829507, 1.9065599215050433]"
traveler (traveler.322),322,165.0,1.6180497688820494,2,,,3.4706749808549677,3.7945559609848707,,,,,,2,,,,,,,,,"[-0.28488589559648364, -1.4344824527792284, 0.8656671814526588, 0.4345401399198691]"
traveler (traveler.254),254,142.5,0.8418187755106495,,,,2.6740291236352585,3.3236338476100853,SAV (sav.2),1,5.645581176416606,1.0,False,,,,,2.6740291236352585,3.3236338476100853,,,,
traveler (traveler.263),263,142.5,0.7656820842199824,,,,3.193673233497038,2.1758295213545504,SAV (sav.2),2,10.60523544775059,1.961641496509968,False,,,,,3.193673233497038,2.1758295213545504,,,,
traveler (traveler.251),251,142.5,2.3989142255519758,,,,4.132214659395278,0.7419713406173406,SAV (sav.2),3,16.990913107778134,1.6121848618817567,False,,,,,4.132214659395278,0.7419713406173406,173.16477271870934,"[2.0, 5.645581176416606, 10.60523544775059, 16.990913107778134, 25.52997318054559]","[1.1905115293874726, 2.9723559514877658, 5.39591089850016, 8.788487931245514]",
traveler (traveler.323),323,165.0,2.48012492522956,0,8.164772718709344,1.3448777165901402,4.034097007925299,4.4487344649847955,SAV (sav.2),,,,False,0,0.14071559257124466,0.23286180473192486,normal,,,,,,"[3.702805589700573, 1.7623626955308176, 1.2669929084559102, 0.24358768422089191]"
traveler (traveler.324),324,165.0,0.7827790104139408,1,,,1.7944648940286434,2.8390622264225476,,,,,,1,,,,,,,,,"[-0.8757970278105367, 3.0455726762379842, -0.04393988148439255, 0.5911561303413589]"
traveler (traveler.325),325,165.0,0.8591612849619296,0,8.164772718709344,1.3448777165901402,1.924751500451361,3.138159288379064,SAV (sav.2),,,,False,0,0.1337101693535585,0.22585638151423915,normal,,,,,,"[2.639961973154049, 0.793533849972605, -1.0508965651177031, -0.7679051756412323]"
traveler (traveler.326),326,165.0,0.493633694486366,4,,,2.2916368789549733,2.9475031107385004,,,,,,4,,,,,,,,,"[-0.2687147930824917, 0.4620938181373935, -0.8393893710945118, -0.03962645897386408]"
traveler (traveler.327),327,165.0,0.5420437827001593,4,,,2.8727237841614093,2.893558690774701,,,,,,4,,,,,,,,,"[3.781464079613017, 0.38484844049430356, 2.138761657570792, 1.1633466465250817]"
traveler (traveler.328),328,165.0,0.6654788080094531,4,,,3.161560331958248,2.427889174952888,,,,,,4,,,,,,,,,"[0.039741743420332, 1.3855534078449951, 4.701325452220076, -0.6272465400724151]"
traveler (traveler.329),329,165.0,0.5871911572318429,4,,,2.792975594072937,3.008879903718825,,,,,,4,,,,,,,,,"[-0.5230510281276075, 1.7952261288041944, -0.6577845631433143, 2.168011977718351]"
traveler (traveler.330),330,165.0,0.7881797735340426,1,,,3.2814667431974187,2.6026503028957744,,,,,,1,,,,,,,,,"[-0.4652384806483054, -0.020356195299651856, 0.03345944139559385, -0.5269401449319424]"
traveler (traveler.331),331,165.0,0.9145916634324693,3,,,3.155580730252024,3.1377239347416674,,,,,,3,,,,,,,,,"[-0.1977036094962097, -0.651028609915408, -0.7716604756667295, -0.13101587070331594]"
traveler (traveler.332),332,165.0,0.9244667557528214,1,,,3.3573865076411815,2.845727000691304,,,,,,1,,,,,,,,,"[-1.4100817284220286, 0.42093407895117, -0.00765102054803442, 0.6780878333792927]"
traveler (traveler.333),333,165.0,0.5708017014715537,4,,,2.5551657021539773,3.0681296750819125,,,,,,4,,,,,,,,,"[1.9917664504023065, 0.5871202427154711, 1.2648602503533775, 0.11421614016808013]"
traveler (traveler.334),334,165.0,0.37621720530177827,4,,,2.151959236798157,2.6428531158741695,,,,,,4,,,,,,,,,"[-2.2284997053387707, -0.9624867296962822, 1.7385206961077202, 1.5362233439976098]"
traveler (traveler.335),335,165.0,0.28900614190088053,4,,,2.5478131461749323,2.2149763990310865,,,,,,4,,,,,,,,,"[2.6609456694463964, -0.20992625663024392, 3.510326402295677, 2.2986339656050467]"
traveler (traveler.336),336,165.0,0.11343382049658302,4,,,2.562528038015556,2.594643943780763,,,,,,4,,,,,,,,,"[1.9831009778532598, 0.6508717888942425, 2.772897520582357, -0.39856568340503257]"
traveler (traveler.337),337,165.0,0.43923008651305234,4,,,2.195649591886701,2.1833078814060385,,,,,,4,,,,,,,,,"[-0.27950047316272986, -0.0839583259107971, 0.839338363695878, 0.050707803603849744]"
traveler (traveler.338),338,165.0,0.7938960799398103,1,,,1.772042917433595,2.816779847347027,,,,,,1,,,,,,,,,"[-1.3006219756149084, -0.298379687955093, -0.8447247860070366, -1.370151615108519]"
traveler (traveler.339),339,165.0,0.7635721451134362,1,,,2.3383357243534206,3.2462620737869514,,,,,,1,,,,,,,,,"[-0.5516566809105097, 1.8919832595794563, -0.7892125959798526, -0.028533729410794472]"
traveler (traveler.340),340,165.0,0.5051349482086032,4,,,2.634785225315301,2.986820561334884,,,,,,4,,,,,,,,,"[-1.0519463645384075, 0.15835301004841873, 0.32932323797844476, 1.6478762832544678]"
traveler (traveler.341),341,165.0,0.8441048753491861,1,,,3.341771562999182,2.5627190267317594,,,,,,1,,,,,,,,,"[0.9697739934155892, 2.638056957986218, 1.2491192807120663, 2.4221700684969014]"
traveler (traveler.342),342,165.0,0.688881288134608,4,,,2.9928930448916864,2.0187372075057133,,,,,,4,,,,,,,,,"[3.962886704514202, 2.7481797121065235, 1.0742635723680618, 0.031163188695138212]"
traveler (traveler.343),343,165.0,0.6550872453953196,4,,,2.1246175015233124,3.0368680274676705,,,,,,4,,,,,,,,,"[-0.611834719041566, -0.16736221227668116, 1.015552756434669, -0.06488997060312401]"
traveler (traveler.344),344,165.0,0.5420992054441387,4,,,2.035208524145775,2.22100101699752,,,,,,4,,,,,,,,,"[-1.4359497458718378, -0.8444303511249884, 0.6504379879609997, 0.501727233243308]"
traveler (traveler.345),345,172.5,2.6353459810197313,1,,,4.4987777183012225,0.7824622063839731,,,,,,1,,,,,,,,,"[-1.2461568822542028, 0.4411633509250423, 0.45189236221385015, 0.04869021083403532]"
traveler (traveler.346),346,172.5,1.8730400577086004,2,,,0.817422935001671,1.6770701863933684,,,,,,2,,,,,,,,,"[1.4654655373254433, -0.08486747267862002, 2.132564905420563, 1.816736909228668]"
traveler (traveler.347),347,172.5,1.9796734630397694,1,,,0.5219662235772032,2.5805568097335243,,,,,,1,,,,,,,,,"[0.441530877219768, 1.1350859045381834, -0.02475076888266253, 0.8840549243881645]"
traveler (traveler.348),348,172.5,2.933313127006337,1,,,0.129004277432071,4.22705100811536,,,,,,1,,,,,,,,,"[-0.9424756492890431, 4.274232707544739, -0.5630951623625674, 0.44185657450655047]"
traveler (traveler.349),349,172.5,0.4016856286209363,4,,,2.388536223403233,2.1140891673619633,,,,,,4,,,,,,,,,"[5.760046516272451, -0.33709310707008505, 0.04353934432074311, -0.6956755477137595]"
traveler (traveler.350),350,172.5,0.4026262414141894,4,,,2.8487113698784174,2.701266665875983,,,,,,4,,,,,,,,,"[3.955015112315924, -0.11020917920974216, 0.8255649500463783, 0.18420318410242825]"
traveler (traveler.351),351,172.5,0.9683043973200836,0,0.6647727187093437,1.3448777165901402,2.785310022410874,3.4253170251223723,SAV (sav.2),,,,False,0,-0.9169567080213494,-1.8139854958606696,normal,,,,,,"[0.6712120460880895, -0.26163159045307066, 0.04201215714581142, -0.3845052541751201]"
traveler (traveler.352),352,172.5,0.7973551629675288,1,,,3.2129119444004655,2.1428840308217483,,,,,,1,,,,,,,,,"[-1.2018876843178214, 2.624876388157696, -0.22275983404992, -0.03724025162105486]"
traveler (traveler.353),353,172.5,0.4506817548974906,4,,,2.087782900295995,2.682184266359914,,,,,,4,,,,,,,,,"[0.1455234049074248, 0.9750692087976499, 1.5074188985286257, -0.18059530227358314]"
traveler (traveler.354),354,172.5,0.9342526601976219,1,,,1.5731186811512792,2.382871635136536,,,,,,1,,,,,,,,,"[-1.4089190004614471, 2.0875198607410432, 0.4510002802704142, 0.8123010528093315]"
traveler (traveler.355),355,172.5,0.6340892106084061,4,,,2.597076289927796,3.126614172313271,,,,,,4,,,,,,,,,"[-0.8703567881814321, -0.9850232025278333, 1.9339609792872907, -0.09816006466862862]"
traveler (traveler.356),356,172.5,0.5649046289984172,4,,,2.9384339541116544,2.856220307879631,,,,,,4,,,,,,,,,"[1.2321782704119453, 2.3754988817402545, 0.1273185063749397, -0.1757721353696857]"
traveler (traveler.357),357,172.5,0.8421254158616508,3,,,2.9409727996895167,1.7825613573453494,,,,,,3,,,,,,,,,"[-2.1489766329163964, 0.2986439703273328, -0.9875130284476275, 0.981509500058209]"
traveler (traveler.358),358,172.5,0.7838786915100099,2,,,2.171407150551203,1.788317105520608,,,,,,2,,,,,,,,,"[0.46153966695397547, -1.5816315399389982, 1.0459220239698312, 0.6510660215021226]"
traveler (traveler.359),359,172.5,0.6432585593063715,4,,,3.1356647457660465,2.5985489985291386,,,,,,4,,,,,,,,,"[1.418043824963799, 0.08485273194824189, 1.2572007584840459, -0.22742291102586001]"
traveler (traveler.360),360,172.5,0.8021690935175418,1,,,1.7589830881646762,2.192804311604484,,,,,,1,,,,,,,,,"[0.446533570566925, 0.6380365119867513, 0.7144093697218706, 0.6512491493591666]"
traveler (traveler.361),361,172.5,0.994202729485404,1,,,1.9534458043687657,1.6695076288405042,,,,,,1,,,,,,,,,"[-0.9138981419361161, 0.6509593299519426, -0.01418278663378648, -0.0016611990642072438]"
traveler (traveler.362),362,172.5,0.5569633371539418,4,,,2.091116795663859,2.8781834001453066,,,,,,4,,,,,,,,,"[4.50862303792476, 0.5000648996310931, 3.3049844116720415, 0.9776898339443721]"
traveler (traveler.363),363,172.5,0.563404721640577,4,,,2.19253799921417,2.0278856087348425,,,,,,4,,,,,,,,,"[-1.0042326440283877, -0.08795805631182964, 0.4882704696256085, 2.144969723558066]"
traveler (traveler.364),364,172.5,0.609492616142464,4,,,2.8825431650594977,2.02550871873295,,,,,,4,,,,,,,,,"[-0.31818118464341766, 1.6238352459636647, -0.9397030607345952, 1.3596837284815848]"
traveler (traveler.365),365,180.0,2.8742783526622544,3,,,4.6792194514866825,0.625839219585223,,,,,,3,,,,,,,,,"[-1.4464895267011646, -1.3578226523345593, 1.6340678492420742, 3.2282469048552147]"
traveler (traveler.366),366,180.0,1.144435222936795,1,,,1.9633464118686794,3.5108090353000265,,,,,,1,,,,,,,,,"[-0.4292434329908197, 1.8558590522746303, 0.3654339598325363, -0.6546402436613025]"
traveler (traveler.367),367,180.0,1.8278364937553877,1,,,1.8671104211503575,4.214770255424181,,,,,,1,,,,,,,,,"[3.412005573653529, 2.703876572000514, -1.8256491745550625, 0.9175934255441641]"
traveler (traveler.261),261,142.5,0.9424431452906703,,,,1.6320336505613682,2.132803188538426,SAV (sav.0),1,5.96181306185694,1.0,False,,,,,1.6320336505613682,2.132803188538426,,,,
traveler (traveler.262),262,142.5,0.7155231320464243,,,,1.813526560769059,2.701810727474949,SAV (sav.0),2,8.838793183885784,1.684005543507861,False,,,,,1.813526560769059,2.701810727474949,,,,
traveler (traveler.275),275,150.0,2.691064571476282,,,,0.4467526777961872,0.760458692149652,SAV (sav.0),3,17.300245445293633,1.509988949973235,False,,,,,0.4467526777961872,0.760458692149652,181.71699584331884,"[2.0, 5.96181306185694, 8.838793183885784, 17.300245445293633, 26.757445476856965]","[1.3328158778356234, 2.177456932748603, 5.535110450382135, 9.340850464585635]",
traveler (traveler.368),368,180.0,1.2508186114001967,0,1.7169958433188413,1.3448777165901402,3.7115542041502785,2.8109398800908325,SAV (sav.0),,,,False,0,6.44492473550322,5.686673655568647,normal,,,,,,"[8.355890931195587, 0.8084352728159193, -0.4034188758264419, 2.8761181705567838]"
traveler (traveler.369),369,180.0,1.7537609856660192,1,,,0.845745081810495,3.082338613256996,,,,,,1,,,,,,,,,"[-0.2549227303323718, 0.9954741866431488, 1.2554886395404423, 0.05718717373116146]"
traveler (traveler.370),370,180.0,2.769710677484953,1,,,4.61429422999085,0.7108501611095963,,,,,,1,,,,,,,,,"[2.1032590864855973, 1.5850680327122053, 0.35622998773680337, 0.8885714925833289]"
traveler (traveler.371),371,180.0,0.6032301342130971,4,,,1.9146632197681213,2.354166366943258,,,,,,4,,,,,,,,,"[-0.1848056645021139, 2.1141425386131765, -0.6971326282613104, -1.54528943091041]"
traveler (traveler.372),372,180.0,0.2586301205502314,4,,,2.6196521048462422,2.27071216111252,,,,,,4,,,,,,,,,"[-2.416972567387, 0.9586919068789962, -1.2073596896596641, -0.1361646627430058]"
traveler (traveler.373),373,180.0,0.6880309710127228,4,,,2.013919171275671,2.9869415211494905,,,,,,4,,,,,,,,,"[0.44367856290545976, 1.264420921357172, 1.4833428085274163, 0.6350789218852214]"
traveler (traveler.374),374,180.0,0.9556832518191295,1,,,3.1283019457812262,1.7798839380106075,,,,,,1,,,,,,,,,"[1.4381044913305363, 1.8260346242484162, 0.5285171004060444, -0.13315054114995575]"
traveler (traveler.375),375,180.0,0.6343496686344238,4,,,1.9237231279103777,2.7651498987199585,,,,,,4,,,,,,,,,"[1.401723280539941, 1.426130410780761, 0.8691437485449032, 2.5377988178452715]"
traveler (traveler.376),376,180.0,0.9883250089947776,1,,,2.3831893691051933,3.4813977786374313,,,,,,1,,,,,,,,,"[-1.905513248696682, -0.28084890314982985, -0.5503252907988001, -0.36743566772655384]"
traveler (traveler.377),377,180.0,0.11327759873557289,4,,,2.4082457279255434,2.4335698266494505,,,,,,4,,,,,,,,,"[-2.655228492282512, 0.9333312970593131, 1.2306530470680264, -1.5822655710037805]"
traveler (traveler.378),378,180.0,0.48138012286486564,4,,,2.4731244373668435,2.0193706970829344,,,,,,4,,,,,,,,,"[2.6510854514869, -0.4147387752496901, -0.6068668856335703, -0.9265548022294527]"
traveler (traveler.379),379,180.0,0.25612529045323285,4,,,2.4712527108500373,2.7545068914121607,,,,,,4,,,,,,,,,"[3.2064956177309356, 0.17073536617062085, -0.03096522979970165, 0.5889702186361098]"
traveler (traveler.380),380,180.0,0.46044183244885123,4,,,2.277130921807905,2.097090512577996,,,,,,4,,,,,,,,,"[-0.7339788912577337, -1.7315489201610006, -0.010654186691868036, 0.6000463336621765]"
traveler (traveler.381),381,180.0,0.941655352424598,0,1.7169958433188413,1.3448777165901402,3.174932115310026,1.8433559240554838,SAV (sav.0),,,,False,0,1.0847533030906735,0.3265022231560999,normal,,,,,,"[2.7943415229349466, 1.4139740877461822, -0.925205837704154, 1.1975996479173254]"
traveler (traveler.382),382,180.0,0.7997128690556506,1,,,1.9267290542309232,1.9424149431071092,,,,,,1,,,,,,,,,"[-0.7245304522471026, 1.1030353910371364, 0.33087493438663296, -1.4499140515810107]"
traveler (traveler.383),383,180.0,0.9529865273237788,3,,,2.2927544549779513,1.56982119711899,,,,,,3,,,,,,,,,"[-2.847782671843499, 0.0885339958495284, -0.37561198818526187, 0.6565374555348835]"
traveler (traveler.384),384,180.0,0.9998779832991087,1,,,1.8135491105669097,1.7729916383680229,,,,,,1,,,,,,,,,"[-1.200419378653095, 3.3516307340283116, -0.11811847726698525, 0.8047417837290176]"
traveler (traveler.385),385,180.0,0.4711422679723565,4,,,2.4302652387155295,2.9659528943345386,,,,,,4,,,,,,,,,"[-0.8852706214885505, -1.0817610946683758, 1.5041702940440933, 1.6317387374826333]"
traveler (traveler.288),288,150.0,0.9312928936408498,,,,2.8364243769631314,1.6315962388779537,SAV (sav.3),1,5.9267712016190535,1.0,False,,,,,2.8364243769631314,1.6315962388779537,,,,
traveler (traveler.308),308,157.5,0.7203591225891144,,,,2.965023057718203,1.94984472983732,SAV (sav.3),2,8.00549803549409,1.5208387667536387,False,,,,,2.965023057718203,1.94984472983732,,,,
traveler (traveler.320),320,165.0,2.0135713356022515,,,,1.7782487269801017,0.6202275075283203,SAV (sav.3),3,14.606481432358105,1.5658675188031836,False,,,,,1.7782487269801017,0.6202275075283203,190.7702525773252,"[2.0, 5.9267712016190535, 8.00549803549409, 14.606481432358105, 21.934525635945686]","[1.3170470407285741, 1.8024741159723408, 4.322916644561147, 7.1705365361755575]",
traveler (traveler.386),386,187.5,2.7414915419702934,0,3.270252577325209,1.3448777165901402,1.1799328753963216,0.09725185230843758,SAV (sav.3),,,,False,0,-0.7343357300572735,-1.2877277793437472,normal,,,,,,"[2.352460944845403, -0.5390527022039681, -0.4586401402309367, 0.2190077223920394]"
traveler (traveler.387),387,187.5,1.8522938553993356,0,3.270252577325209,1.3448777165901402,0.7605352053359737,3.1365962259349107,SAV (sav.3),,,,False,0,0.39884803004551284,-0.15454401924096128,normal,,,,,,"[2.9064528862185273, 1.0048791544285787, 0.30561310808949504, -0.37403390652746904]"
traveler (traveler.388),388,187.5,2.0705334228063945,1,,,3.0715716749699986,0.5099209876664812,,,,,,1,,,,,,,,,"[-0.4972739282756981, 0.8697303576284445, 0.07355433744384485, -0.7000477397392425]"
traveler (traveler.389),389,187.5,2.528185624943427,1,,,3.858815170436354,4.631981211634523,,,,,,1,,,,,,,,,"[-1.6642786173973199, 0.4285198691689775, 0.690268443662769, -0.39498703365930643]"
traveler (traveler.390),390,187.5,2.018144802287072,1,,,0.4889288337428904,2.6688230056822615,,,,,,1,,,,,,,,,"[-0.15305629088008707, 2.034175760242046, -0.9234747971655355, 0.24870161727586143]"
traveler (traveler.391),391,187.5,3.238903766243356,1,,,0.3520555603006109,0.07578212799470685,,,,,,1,,,,,,,,,"[-0.6134191221649558, 1.0347437043466128, -0.09686042915915571, 1.54031319375003]"
traveler (traveler.392),392,187.5,0.1690830351170625,4,,,2.612843931876224,2.62591790898483,,,,,,4,,,,,,,,,"[2.4584647023633606, 0.6630118844928791, 0.8509841746036872, 0.7093211464331926]"
traveler (traveler.393),393,187.5,0.34020114312221983,4,,,2.2423187172819343,2.277880270308022,,,,,,4,,,,,,,,,"[-0.37682974836817557, -0.7496200943016448, 5.589936107627811, 0.6786049468277813]"
traveler (traveler.394),394,187.5,0.5422494908239172,4,,,2.0978993064553366,2.1362012334412084,,,,,,4,,,,,,,,,"[4.329217942075166, 0.526910081251262, -0.08116594517579412, -0.269894182707654]"
traveler (traveler.395),395,187.5,0.547882224380528,4,,,3.0476860974902253,2.485341541415188,,,,,,4,,,,,,,,,"[1.4897722010515024, -1.4637206145172248, -0.6950573532187889, 2.8697804240592966]"
traveler (traveler.396),396,187.5,0.4494139544106008,4,,,2.3111740136726935,2.0921793907776443,,,,,,4,,,,,,,,,"[-0.49519574013871503, 4.930382706608359, 0.31548967963451896, 1.480723620976176]"
traveler (traveler.397),397,187.5,0.8682684122876236,2,,,1.7256416678679332,2.89275846169639,,,,,,2,,,,,,,,,"[0.2836014341666206, -1.0684999629071625, 3.058635763907943, 0.09062530332258793]"
traveler (traveler.398),398,187.5,0.5821777959717,4,,,2.30751781814847,1.9505624732582048,,,,,,4,,,,,,,,,"[2.8758378981760697, 0.8868799189650581, 0.3636350033200484, -0.4349274040371743]"
traveler (traveler.399),399,187.5,0.6299187104512547,4,,,1.877031011501492,2.406687508093945,,,,,,4,,,,,,,,,"[2.0311308887023074, -0.28029910382503714, 0.3085493254934643, -1.4486625107350053]"
traveler (traveler.400),400,187.5,0.6157879899659798,4,,,2.946347781960189,2.9242269512013133,,,,,,4,,,,,,,,,"[-0.45752998228949926, 2.6945391628807336, 0.22251799792137048, 1.5874112916544187]"
traveler (traveler.401),401,187.5,0.7129907111942041,3,,,3.2048140074771565,2.3923293488772,,,,,,3,,,,,,,,,"[-0.8539789464922716, -0.28576214176827053, -0.2930601878279309, 2.106563145294296]"
traveler (traveler.402),402,187.5,0.6050514160976579,4,,,1.9925012993208846,2.1705576151573833,,,,,,4,,,,,,,,,"[-0.6823831155597085, -0.7358987537414472, 0.44678034795316207, -0.3851113017442281]"
traveler (traveler.403),403,187.5,0.5407404996553291,4,,,2.4621995025296806,3.039417658552713,,,,,,4,,,,,,,,,"[0.2715520544577777, 0.45425049590194283, 1.388481961117726, 4.078117828826123]"
traveler (traveler.404),404,187.5,0.6797148292106142,4,,,3.042607054680666,2.9093773726765892,,,,,,4,,,,,,,,,"[-2.1401245071851895, 0.631437413554781, 0.8235032538316216, 1.6472527184585875]"
traveler (traveler.405),405,187.5,0.39256027008283695,4,,,2.4945224636859407,2.107477946806249,,,,,,4,,,,,,,,,"[1.4973572734751508, 2.000829114373153, 0.16083743591086405, -1.7886002835215622]"
traveler (traveler.406),406,187.5,0.40285400354451,4,,,2.616871673129179,2.114471323774967,,,,,,4,,,,,,,,,"[5.530880449820624, 2.0825784856970473, 0.43677088917384654, 2.6879771761806652]"
traveler (traveler.283),283,150.0,0.85112720738693,,,,2.655591174999808,3.3367848644762006,SAV (sav.1),1,5.674834755536299,1.0,False,,,,,2.655591174999808,3.3367848644762006,,,,
traveler (traveler.304),304,157.5,3.0963094007790017,,,,0.6252630470340198,4.9642429390253415,SAV (sav.1),2,14.852402441016498,1.166654661785738,False,,,,,0.6252630470340198,4.9642429390253415,,,,
traveler (traveler.318),318,165.0,2.313277107719103,,,,1.5030375649612426,4.587418712242192,SAV (sav.1),3,18.854434020148297,1.8358875507615777,False,,,,,1.5030375649612426,4.587418712242192,195.89626545884008,"[2.0, 5.674834755536299, 14.852402441016498, 18.854434020148297, 27.124362596289547]","[1.2036756399913344, 4.883581098457424, 6.234495309066734, 9.505963168330297]",
traveler (traveler.407),407,187.5,0.8585865358770938,0,8.396265458840077,1.3448777165901402,2.253501607962215,1.6775588882404926,SAV (sav.1),,,,False,0,0.40781536964284815,0.5304931592993709,normal,,,,,,"[2.944224379781016, 1.8450472691102202, 0.5736870523384526, 1.561077360352064]"
traveler (traveler.408),408,187.5,0.8270983688827708,1,,,1.6745404329581175,2.4479594870551047,,,,,,1,,,,,,,,,"[2.503805223808718, 3.311040045709614, 0.033867155715316344, -0.4770140159078498]"
traveler (traveler.409),409,187.5,0.8009804632066708,3,,,3.2967942069680034,2.5817844372787606,,,,,,3,,,,,,,,,"[-0.7248416153902655, 1.7687843462592396, 0.7632217356385154, 2.731762546757226]"
traveler (traveler.410),410,195.0,1.537027628536068,0,0.8962654588400767,1.3448777165901402,1.027493867280867,2.0593418331770637,SAV (sav.1),,,,False,0,4.477273062834394,3.6107758524909164,normal,,,,,,"[6.466419525391806, 0.7569366975660505, 2.1194859878867836, 0.20394423977134257]"
traveler (traveler.411),411,195.0,2.0420592848385613,2,,,2.2734990150243943,4.529458899953497,,,,,,2,,,,,,,,,"[-2.3782067676833676, -0.7271515014472546, 0.7387333097532967, -0.31626500749960507]"
traveler (traveler.412),412,195.0,2.507808294940169,3,,,0.9700731588229711,4.487064746005221,,,,,,3,,,,,,,,,"[-0.3365015300590666, 0.4959721062992824, 0.5430617227168905, 5.020884492213678]"
traveler (traveler.413),413,195.0,2.452867587947251,1,,,0.04780681317281599,2.442484971698669,,,,,,1,,,,,,,,,"[0.161386484635411, 4.4718116721524845, 1.2193744130557895, -0.6722797114964378]"
traveler (traveler.414),414,195.0,2.1150377578073747,0,0.8962654588400767,1.3448777165901402,0.6042402641563727,3.4378058119381363,SAV (sav.1),,,,False,0,1.5781066599266453,0.7116094495831673,normal,,,,,,"[3.9437484092721204, 0.2806432297455012, 1.2667692822372183, 2.0477001394698444]"
traveler (traveler.415),415,195.0,2.303745531612168,3,,,4.788442728700692,2.7650912142640043,,,,,,3,,,,,,,,,"[-0.7371096865365625, -0.41285184786460666, 0.8832787796309404, 1.4008530850572372]"
traveler (traveler.416),416,195.0,1.9746417721494696,2,,,2.5300429836593445,4.474413215983534,,,,,,2,,,,,,,,,"[2.611939455946615, -0.09352804380841538, 6.1074633890197925, 0.4013031350959685]"
traveler (traveler.417),417,195.0,0.48274183858582015,4,,,2.9801745859097686,2.4502802879372747,,,,,,4,,,,,,,,,"[1.1751078107306951, 0.24208049770270812, 0.6835960597918249, 3.547397694059939]"
traveler (traveler.418),418,195.0,0.998406300960941,1,,,1.7372494772957359,1.8557742772033385,,,,,,1,,,,,,,,,"[1.6055771828950773, 2.137378367553935, 0.49700395929445923, 0.42686507519690603]"
traveler (traveler.419),419,195.0,0.20604140725155787,4,,,2.6725400521444125,2.6126187902092974,,,,,,4,,,,,,,,,"[0.4122152534749416, 1.5715471454226626, 3.1728185652439582, 1.4858306313670346]"
traveler (traveler.420),420,195.0,0.5083755051198198,4,,,2.685383799489735,2.026630692701162,,,,,,4,,,,,,,,,"[-0.6892831970991541, 0.515115253758618, -0.13420958777315128, 0.9050526376591401]"
traveler (traveler.421),421,195.0,0.423940849971292,4,,,2.657669198008662,2.106469482411228,,,,,,4,,,,,,,,,"[0.004638760862334117, 1.1046800477826166, 0.013358126076199428, 1.2235200549803542]"
traveler (traveler.422),422,195.0,0.8071725665502012,1,,,3.179465439881135,2.0642773035537685,,,,,,1,,,,,,,,,"[0.6092966903991077, 0.7115551096429343, 0.5899851475378918, 0.4608233441865565]"
traveler (traveler.423),423,195.0,0.9015931624599441,3,,,2.4894825941031664,1.5984681842731647,,,,,,3,,,,,,,,,"[1.5803815657956637, -1.2634263244461232, -1.5534854992188643, 1.5693768839838618]"
traveler (traveler.424),424,195.0,0.5187683163327043,4,,,2.5905101773513257,3.0108115834889615,,,,,,4,,,,,,,,,"[3.548169388534078, -0.2162179311525295, -0.11239680631613456, 1.7053009995697084]"
traveler (traveler.425),425,195.0,0.37255754870514163,4,,,2.853708220735408,2.6170026567278537,,,,,,4,,,,,,,,,"[0.7880507583697975, 0.7653321020490363, -0.507045734356545, 0.38563190155804317]"
traveler (traveler.426),426,195.0,0.9289397335598626,1,,,2.9200165694657714,3.3285620736918107,,,,,,1,,,,,,,,,"[-0.11461185725079635, 4.777030522460073, 0.6920420556409861, 1.4591538321097597]"
traveler (traveler.427),427,195.0,0.6722128181074144,4,,,2.642129245931415,1.8429845129078926,,,,,,4,,,,,,,,,"[-0.2656773203103434, -0.3714754124580121, -1.4367653640780504, -0.5478158302176331]"
traveler (traveler.428),428,195.0,0.5541980329483966,4,,,2.930277061576288,2.8492808468913626,,,,,,4,,,,,,,,,"[1.6691343703607986, -1.3458458015556307, -0.7183274776112466, 0.5709765482866553]"
traveler (traveler.429),429,195.0,0.8015431001115932,0,0.8962654588400767,1.3448777165901402,2.807453604554857,1.759767859126119,SAV (sav.1),,,,False,0,8.845722910879193,7.979225700535716,normal,,,,,,"[10.355800851218058, 0.6843843174636113, 2.9384550123294035, -0.8296361026337364]"
traveler (traveler.430),430,195.0,0.21648217162834407,4,,,2.5522397094952813,2.28991538993831,,,,,,4,,,,,,,,,"[7.112708382745577, -0.3899547671180015, 0.9909979392652333, 2.4139979677970427]"
traveler (traveler.325),325,165.0,0.8591612849619296,,,,1.924751500451361,3.138159288379064,SAV (sav.2),1,5.70008342546457,1.0,False,,,,,1.924751500451361,3.138159288379064,,,,
traveler (traveler.351),351,172.5,0.9683043973200836,,,,2.785310022410874,3.4253170251223723,SAV (sav.2),2,9.551153028502995,1.5805089044009044,False,,,,,2.785310022410874,3.4253170251223723,,,,
traveler (traveler.323),323,165.0,2.48012492522956,,,,4.034097007925299,4.4487344649847955,SAV (sav.2),3,15.625272490061866,1.4475510647201804,False,,,,,4.034097007925299,4.4487344649847955,197.58432588796944,"[2.0, 5.70008342546457, 9.551153028502995, 15.625272490061866, 24.419553169260094]","[1.2150375414590564, 2.498018862826348, 4.78137262052784, 8.288798926167043]",
traveler (traveler.431),431,202.5,2.722461445918353,0,0.0,1.3448777165901402,4.8530224982619465,3.869336133746918,SAV (sav.2),,,,False,0,0.41890422572528063,-0.5658014359846151,normal,,,,,,"[3.0619917589432886, -0.025727333237248205, -1.3867745045218347, -0.0934562485859852]"
traveler (traveler.432),432,202.5,1.6221460388771556,0,0.0,1.3448777165901402,1.736373604744958,3.9311647354216905,SAV (sav.2),,,,False,0,-0.6361516759762933,-1.6208573376861886,normal,,,,,,"[1.2902294471766191, -0.9955127818817928, -0.7753505876489536, 0.756966887062682]"
traveler (traveler.368),368,180.0,1.2508186114001967,,,,3.7115542041502785,2.8109398800908325,SAV (sav.0),1,6.930943654024089,1.0,False,,,,,3.7115542041502785,2.8109398800908325,,,,
traveler (traveler.381),381,180.0,0.941655352424598,,,,3.174932115310026,1.8433559240554838,SAV (sav.0),2,11.408110058515875,1.9143252925596974,False,,,,,3.174932115310026,1.8433559240554838,197.08444316956823,"[2.0, 6.930943654024089, 11.408110058515875, 15.367447326249394]","[1.7689246443108404, 3.3336495263321444, 4.6653512968122275]",
traveler (traveler.433),433,202.5,2.3104031178655076,0,0.0,1.3448777165901402,0.9453280791209578,0.7909190231376023,SAV (sav.0),,,,False,0,0.33622066569860376,-0.6484849960112911,normal,,,,,,"[2.710908026433048, 0.26184083310912293, 3.037641256329422, 0.5222926806573446]"
traveler (traveler.434),434,202.5,0.7095855103432908,1,,,1.8901989766803968,2.1371580117358064,,,,,,1,,,,,,,,,"[2.350913619272114, 1.8441321617968782, 1.7655850583298067, 1.4101914116670522]"
traveler (traveler.435),435,202.5,0.801191466386994,1,,,3.132685950046077,2.0084552366003328,,,,,,1,,,,,,,,,"[-1.2928967956998676, -0.38884308105177895, -0.9599335784935537, -0.18161967636210888]"
traveler (traveler.436),436,202.5,0.8138452238356524,2,,,2.303340103146399,3.289727125866672,,,,,,2,,,,,,,,,"[-1.5325720453824112, 0.4913892474998917, 1.681429661125864, 1.5184056654392064]"
traveler (traveler.437),437,202.5,0.8143154865030848,1,,,2.8962289698462804,3.2114157118122364,,,,,,1,,,,,,,,,"[0.8820324169332396, 3.422374105598532, -0.40456178193698555, 1.4867185457322916]"
traveler (traveler.438),438,202.5,0.740853122531098,0,0.0,1.3448777165901402,1.799518079908488,2.258777221662243,SAV (sav.0),,,,False,0,2.1616087711163523,1.176903109406457,normal,,,,,,"[3.5139469623533497, -0.3767224718161862, 0.4777441410052145, -0.1855377835427471]"
traveler (traveler.439),439,202.5,0.9037063147036243,2,,,1.8571934973616955,1.8647953846191625,,,,,,2,,,,,,,,,"[2.1846218526431307, 1.5709032371958906, 2.1691014918246574, -0.9966097196646971]"
traveler (traveler.440),440,202.5,0.9217822286484592,2,,,2.1571396756098213,1.6443544688300058,,,,,,2,,,,,,,,,"[-0.611002189875999, 2.9071114977808583, 4.4074546095471065, -2.2032101318738917]"
traveler (traveler.441),441,202.5,0.6419620798009961,4,,,2.236894311496076,3.085568705259508,,,,,,4,,,,,,,,,"[0.5326017566458455, 0.0029808514933771283, -1.3330339101728592, 1.7664947235507706]"
traveler (traveler.442),442,202.5,0.9280647766324283,1,,,1.8245286561735845,1.8635703547954925,,,,,,1,,,,,,,,,"[1.7556980021670003, 2.264574318071864, -0.3674044357944437, -0.09453078145891956]"
traveler (traveler.443),443,202.5,0.10630733753603414,4,,,2.406545692949634,2.449329076308634,,,,,,4,,,,,,,,,"[-0.5670400492860536, 0.16227615189983427, 2.731838896297042, 1.7388459264581775]"
traveler (traveler.387),387,187.5,1.8522938553993356,,,,0.7605352053359737,3.1365962259349107,SAV (sav.3),1,8.821197981791308,1.0,False,,,,,0.7605352053359737,3.1365962259349107,,,,
traveler (traveler.386),386,187.5,2.7414915419702934,,,,1.1799328753963216,0.09725185230843758,SAV (sav.3),2,19.463444852337737,1.6756186778613076,False,,,,,1.1799328753963216,0.09725185230843758,219.84937414029744,"[2.0, 8.821197981791308, 19.463444852337737, 29.079121562972222]","[2.619539091806089, 6.958550183551983, 10.835604703337502]",
traveler (traveler.444),444,202.5,0.9668733220889061,0,17.349374140297442,1.3448777165901402,3.423229733872229,2.787212255068358,SAV (sav.3),,,,False,0,0.030264534564240275,1.3337678282181749,normal,,,,,,"[3.8180332185448567, -0.6394573590811058, 0.6025410383929042, -0.4411411578118069]"
traveler (traveler.445),445,210.0,2.3019279469394465,1,,,1.2841293757751644,0.5453821606134962,,,,,,1,,,,,,,,,"[-0.7536926344134901, 0.5192681253106061, -1.2068624333598887, 0.5024644975913515]"
traveler (traveler.446),446,210.0,1.335995545600285,1,,,1.6870239338292192,3.5601669744418967,,,,,,1,,,,,,,,,"[-0.24595801966941644, 0.4709299858992442, -0.5529019452716227, 0.1446428448347284]"
traveler (traveler.447),447,210.0,1.114536286373267,0,9.849374140297442,1.3448777165901402,2.4781324161317055,1.385678259020997,SAV (sav.3),,,,False,0,1.4127529114715434,1.7270812051254776,normal,,,,,,"[4.307529010380256, -0.8579218284151222, -0.504507237556008, 0.8789385346854757]"
traveler (traveler.448),448,210.0,0.6723674950127269,4,,,3.0774278650013427,2.1555364909461665,,,,,,4,,,,,,,,,"[1.988823645580988, 0.9366869340076747, 0.33421240105739997, -0.8854956549800749]"
traveler (traveler.449),449,210.0,0.7620634290861232,2,12.389334514182536,1.3448777165901402,2.0120361109325104,3.085347685496946,,,,,False,0,-1.2353988595206955,-0.882721328327476,normal,,,,,,"[1.468138165634851, -0.3557959500060301, 0.6177880842417814, -0.7278788470234814]"
traveler (traveler.450),450,210.0,0.9198673437797859,1,,,2.8776158328573116,3.3387861544684423,,,,,,1,,,,,,,,,"[0.16807190507812156, 0.18418683369575975, 0.01772769915822541, 0.22466112440984104]"
traveler (traveler.451),451,210.0,0.45477804109952447,4,,,2.6243782536261326,2.0625607279961775,,,,,,4,,,,,,,,,"[-1.0911292405747348, 2.4983668061299036, 4.441626796613443, 0.3020153951860318]"
traveler (traveler.452),452,210.0,0.49504488441264505,4,,,2.827578133449429,2.8711630424340724,,,,,,4,,,,,,,,,"[-1.244886975273336, 1.3502836294301714, 3.144772718847439, -0.06217599762973358]"
traveler (traveler.453),453,217.5,3.1188535831926947,1,,,0.624582381623518,0.008001518845367483,,,,,,1,,,,,,,,,"[-0.17459450525824297, 1.1054854814424884, 1.2401273889442697, -0.642548895070451]"
traveler (traveler.429),429,195.0,0.8015431001115932,,,,2.807453604554857,1.759767859126119,SAV (sav.1),1,5.519006940009757,1.0,False,,,,,2.807453604554857,1.759767859126119,,,,
traveler (traveler.407),407,187.5,0.8585865358770938,,,,2.253501607962215,1.6775588882404926,SAV (sav.1),2,8.278976438687794,1.4528911461052838,False,,,,,2.253501607962215,1.6775588882404926,,,,
traveler (traveler.410),410,195.0,1.537027628536068,,,,1.027493867280867,2.0593418331770637,SAV (sav.1),3,13.314440457785517,1.700349964671025,False,,,,,1.027493867280867,2.0593418331770637,,,,
traveler (traveler.414),414,195.0,2.1150377578073747,,,,0.6042402641563727,3.4378058119381363,SAV (sav.1),4,18.84614665084831,1.9535916078342834,False,,,,,0.6042402641563727,3.4378058119381363,222.38933451418254,"[2.0, 5.519006940009757, 8.278976438687794, 13.314440457785517, 18.84614665084831, 26.493069055342467]","[1.1335531230043907, 1.925539397409507, 3.7414982060034827, 5.78076599288174, 8.771881074904112]",
traveler (traveler.454),454,217.5,2.4804316951860907,0,4.889334514182536,1.3448777165901402,0.8580330081390741,4.359162658866331,SAV (sav.1),,,,False,0,1.7805442300716807,1.4406928974373194,normal,,,,,,"[4.910836501469533, 1.14271910489744, -0.3028824593924124, -1.3731245775589471]"
traveler (traveler.455),455,217.5,0.36799810079129897,4,,,2.848885438692319,2.6170536323847795,,,,,,4,,,,,,,,,"[1.6439893145346556, 0.09198483306853243, 1.0168854280278201, 2.5334080610110052]"
traveler (traveler.456),456,217.5,0.9958188687957386,3,,,2.97490294860984,1.6247158125206969,,,,,,3,,,,,,,,,"[-1.0081507862348515, -0.8991251818982721, 0.7510122028704358, 2.4171202413590076]"
traveler (traveler.457),457,217.5,0.9775377973426822,0,4.889334514182536,1.3448777165901402,2.1108959063488717,1.6032401940667074,SAV (sav.1),,,,False,0,9.307548216882898,8.967696884248538,normal,,,,,,"[11.458908735313159, -0.19369560363797575, 1.0739984914807212, 2.4699764315073316]"
traveler (traveler.458),458,217.5,0.835741842334036,3,,,3.3043352916303417,2.726956307834398,,,,,,3,,,,,,,,,"[-1.2658674936431478, -1.2275245518618925, -0.9001971527477801, 1.7813437339413123]"
traveler (traveler.459),459,217.5,0.2493507121955105,4,,,2.595372574877292,2.7303906457165388,,,,,,4,,,,,,,,,"[2.1392018223444103, 1.066624205926069, 0.22891602356300045, 0.08875492708126893]"
traveler (traveler.460),460,217.5,0.6524007242001081,4,,,1.9194097965082255,2.7975596083916723,,,,,,4,,,,,,,,,"[2.7482698879394083, 0.2989637979790716, 2.1275500598992805, -0.7628566875109336]"
traveler (traveler.438),438,202.5,0.740853122531098,,,,1.799518079908488,2.258777221662243,SAV (sav.0),1,5.3282767413554115,1.0,False,,,,,1.799518079908488,2.258777221662243,,,,
traveler (traveler.433),433,202.5,2.3104031178655076,,,,0.9453280791209578,0.7909190231376023,SAV (sav.0),2,11.665542188524471,1.1368930766886753,False,,,,,0.9453280791209578,0.7909190231376023,222.42643868593444,"[2.0, 5.3282767413554115, 11.665542188524471, 19.92643868593444]","[1.0477245336099352, 3.449493984836012, 6.716897408670498]",
traveler (traveler.461),461,217.5,0.763816461405564,0,4.926438685934443,1.3448777165901402,3.192568562751884,2.822124778000556,SAV (sav.0),,,,False,0,1.8570863709080578,1.5221287074860563,normal,,,,,,"[3.8741300644927015, -0.1435192168395889, 1.1306420822362957, -0.40192914029009397]"
traveler (traveler.462),462,217.5,0.8873756959322686,2,,,3.386315869258392,2.456643274662185,,,,,,2,,,,,,,,,"[2.857186848537703, 0.02355997041581752, 2.44609601802922, 1.0420605863102113]"
traveler (traveler.463),463,225.0,1.6891454806926482,3,,,3.770777347195323,3.612806087689861,,,,,,3,,,,,,,,,"[0.9869117622068806, 0.38965083466928757, -0.7661057382090475, 2.7466357069048923]"
traveler (traveler.464),464,225.0,3.057769190377836,1,,,4.395418954789688,0.10055435413762803,,,,,,1,,,,,,,,,"[-1.8339657835364025, 0.8258528848466985, 0.7598383718027111, -0.28762305155440915]"
traveler (traveler.465),465,225.0,2.5501153542054635,2,,,3.0566822210299454,4.988612710837832,,,,,,2,,,,,,,,,"[-0.6060840624174741, -0.7817309781247678, 0.674732227909441, 0.05895763835600549]"
traveler (traveler.461),461,217.5,0.763816461405564,,,,3.192568562751884,2.822124778000556,SAV (sav.0),1,4.400443553074609,1,False,,,,,3.192568562751884,2.822124778000556,229.22732579208366,"[1, 4.400443553074609, 6.8008871061492195]","[1.0801995988835744, 2.160399197767149]",
traveler (traveler.466),466,225.0,2.3736737892663844,0,4.227325792083661,1.3448777165901402,4.111173045143049,0.7568853518902696,SAV (sav.0),,,,False,0,-3.1042635679282142,-3.5314272309201953,normal,,,,,,"[-0.1308219383649886, -0.9588794750086175, -1.53185566967618, -0.7692376390425787]"
traveler (traveler.467),467,225.0,0.6206366738969405,4,,,2.0894552511865765,2.965449127410913,,,,,,4,,,,,,,,,"[-0.6079913187864472, -1.164076091892786, -0.348432497995911, 2.2410215235760185]"
traveler (traveler.468),468,225.0,0.613221785329469,4,,,2.2866387558118975,3.0749068946196125,,,,,,4,,,,,,,,,"[-0.8533494640358433, 0.0053416023363765715, -0.4374272465142547, -0.5751776759757486]"
traveler (traveler.469),469,225.0,0.6306442021473334,4,,,2.1675872737134325,1.964076601458027,,,,,,4,,,,,,,,,"[3.103623782032241, 0.38457579863160096, 0.19973775209138644, 1.1214866905140461]"
traveler (traveler.470),470,225.0,0.9598321249090102,1,,,1.7697422656493962,1.8771024567166212,,,,,,1,,,,,,,,,"[0.2971122717750619, 0.853167717377349, -0.6029607434167519, 0.40308602519961106]"
traveler (traveler.471),471,225.0,0.695160307738305,4,,,2.7115860972069066,1.837822397748486,,,,,,4,,,,,,,,,"[2.3237704154761576, 0.4790708075925587, 1.914618876808703, 0.6712472377839389]"
traveler (traveler.472),472,232.5,1.546398409853631,2,,,2.0802883800481533,3.9883515035351143,,,,,,2,,,,,,,,,"[1.8671527591734272, 0.13072188984936423, 2.2290967107789363, -0.9897566575220853]"
traveler (traveler.473),473,232.5,0.6535965480061725,4,,,2.991212162940915,2.9311601309774513,,,,,,4,,,,,,,,,"[-0.1268915419111124, -0.09478919094036072, 0.6434284105454611, 1.6621640158098392]"
traveler (traveler.474),474,232.5,0.6949924000767655,4,,,3.0260540047647826,2.954182364513856,,,,,,4,,,,,,,,,"[-0.6823026205426185, 1.6566262318679181, 2.4263753435547666, 0.17298230350630145]"
traveler (traveler.432),432,202.5,1.6221460388771556,,,,1.736373604744958,3.9311647354216905,SAV (sav.2),1,8.097913174066372,1.0,False,,,,,1.736373604744958,3.9311647354216905,,,,
traveler (traveler.431),431,202.5,2.722461445918353,,,,4.8530224982619465,3.869336133746918,SAV (sav.2),2,18.8945228680248,1.6350583223214081,False,,,,,4.8530224982619465,3.869336133746918,230.9503937565928,"[2.0, 8.097913174066372, 18.8945228680248, 28.450393756592803]","[2.2940609283298676, 6.702535290611161, 10.552677190466763]",
traveler (traveler.475),475,232.5,0.7968301560834682,0,0.0,1.3448777165901402,2.572496317042263,3.2935254133670275,SAV (sav.2),,,,False,0,4.9591703117568455,3.97446465004695,normal,,,,,,"[6.347969956234142, 0.29047220804138835, -0.2453762048959363, 1.592244438630341]"
traveler (traveler.476),476,232.5,0.8514871796658983,0,0.0,1.3448777165901402,1.6859378219394048,2.749666151864095,SAV (sav.2),,,,False,0,1.89499122227351,0.9102855605636146,normal,,,,,,"[3.319392512338906, -0.5387812543714673, 0.3865594645975935, 0.348234612911137]"
traveler (traveler.477),477,232.5,0.885938627898281,3,,,2.580397245970171,3.382283137798009,,,,,,3,,,,,,,,,"[-3.0497709645567954, -0.2674717917196298, -1.5751536063282041, 1.5128296762353504]"
traveler (traveler.478),478,240.0,2.8416495928272667,3,,,0.6389114273444924,4.6473988295485436,,,,,,3,,,,,,,,,"[-1.9646812763959083, -0.19597153576297696, -0.2825166383468398, 1.7548327109365924]"
traveler (traveler.479),479,240.0,1.3769277040418335,2,,,1.6657925949645214,1.4045421470718793,,,,,,2,,,,,,,,,"[-2.4346513415705706, 1.218250113229845, 5.461167546114134, -0.10308542690395339]"
traveler (traveler.480),480,240.0,2.503330893266952,1,,,4.848295660850904,1.6327208924380048,,,,,,1,,,,,,,,,"[0.9627159831122863, 2.1284834579584913, 0.6964453242060686, 2.4024516299212824]"
traveler (traveler.481),481,240.0,2.549300283164824,1,,,1.52658601698051,4.856140308089988,,,,,,1,,,,,,,,,"[0.24436166663200148, 3.466030435136069, 0.5777869111559696, 0.46725843379723514]"
traveler (traveler.482),482,240.0,1.6521052193780257,1,,,2.7650102577731213,0.8692881250290907,,,,,,1,,,,,,,,,"[-1.7041110946885745, -0.011745660573596096, 0.350014683068453, 0.649321059409934]"
traveler (traveler.444),444,202.5,0.9668733220889061,,,,3.423229733872229,2.787212255068358,SAV (sav.3),1,6.0385897004330245,1.0,False,,,,,3.423229733872229,2.787212255068358,,,,
traveler (traveler.447),447,210.0,1.114536286373267,,,,2.4781324161317055,1.385678259020997,SAV (sav.3),2,12.351054876105612,1.8993880318698264,False,,,,,2.4781324161317055,1.385678259020997,236.70307864294978,"[2.0, 6.0385897004330245, 12.351054876105612, 16.85370450265232]","[1.367365365194861, 3.7579746942475256, 5.334167026193544]",
traveler (traveler.483),483,240.0,1.2070663185942696,0,0.0,1.2854744495690773,3.6675057908959277,2.193504770495205,SAV (sav.3),,,,False,0,2.1320538837503302,1.8634389391950514,normal,,,,,,"[3.763873820213534, -0.2301641363926802, -0.19082998994900782, -0.03525912471859647]"
traveler (traveler.484),484,240.0,0.9334659811507585,3,,,3.043736954007175,1.7412451892654996,,,,,,3,,,,,,,,,"[0.16738638392410077, 0.25367857482345507, -0.2582377441226394, 2.004770922191732]"
traveler (traveler.485),485,240.0,0.4545544922366492,4,,,2.943536147670332,2.5994759876667706,,,,,,4,,,,,,,,,"[1.1574933953551882, -1.3083491573262926, 0.48471561176803196, -0.030960054742080342]"
traveler (traveler.486),486,240.0,0.9957583363935714,0,0.0,1.2854744495690773,2.1987990567494227,3.449111508876726,SAV (sav.3),,,,False,0,1.6006296017093966,1.3320146571541176,normal,,,,,,"[3.0971759449988747, 1.467331150242372, 1.1608353263236013, 0.6962297244590517]"
traveler (traveler.487),487,240.0,0.6003901039708612,4,,,3.0360673012209727,2.229629651204492,,,,,,4,,,,,,,,,"[2.926457596013092, 1.6795199445021218, -0.70020029780103, -0.20309517939558402]"
traveler (traveler.475),475,232.5,0.7968301560834682,,,,2.572496317042263,3.2935254133670275,SAV (sav.2),1,5.504195585869136,1.0,False,,,,,2.572496317042263,3.2935254133670275,,,,
traveler (traveler.476),476,232.5,0.8514871796658983,,,,1.6859378219394048,2.749666151864095,SAV (sav.2),2,9.772855388343492,1.7217959587377802,False,,,,,1.6859378219394048,2.749666151864095,245.94882142761088,"[2.0, 5.504195585869136, 9.772855388343492, 13.448821427610891]","[1.126888013641111, 2.5977849247545715, 3.8019696424249014]",
traveler (traveler.488),488,240.0,0.7146914942346289,0,5.948821427610881,1.2854744495690773,2.808492404536354,1.8553168466023755,SAV (sav.2),,,,False,0,2.0160930142835785,2.5320681278158985,normal,,,,,,"[4.117298107506283, -0.6169718256055088, -0.44471622210101147, 0.620446725900374]"
traveler (traveler.489),489,240.0,0.8397761134473561,0,5.948821427610881,1.2854744495690773,2.963129384813603,1.7994751298926495,SAV (sav.2),,,,False,0,1.5940571016687657,2.110032215201086,normal,,,,,,"[3.775337948374374, 0.24362680396750694, -0.9343152665539729, -0.9665450878532449]"
traveler (traveler.490),490,240.0,0.9559395521953727,2,,,1.9479991660964604,1.7195414765528623,,,,,,2,,,,,,,,,"[-1.6092340377120755, -0.16239314748310574, 1.6884969669112981, 0.4778563173043208]"
traveler (traveler.466),466,225.0,2.3736737892663844,,,,4.111173045143049,0.7568853518902696,SAV (sav.0),1,9.459737034289015,1,False,,,,,4.111173045143049,0.7568853518902696,246.1467998606617,"[1, 9.459737034289015, 16.91947406857803]","[3.356881665430057, 6.713763330860114]",
traveler (traveler.491),491,247.5,2.601020244942647,0,0.0,1.2854744495690773,0.9502335461196398,4.588906473020897,SAV (sav.0),,,,False,0,1.3332104963681966,1.0645955518129173,normal,,,,,,"[3.857401626630744, 1.867637316804282, 0.21607059624517388, 0.3942724170319452]"
traveler (traveler.492),492,247.5,2.8433493435445376,1,,,0.9137613886577162,0.1402367582060149,,,,,,1,,,,,,,,,"[-2.2119883354192704, -0.09920214720069288, -0.5099713904709079, -0.15065957432988797]"
traveler (traveler.457),457,217.5,0.9775377973426822,,,,2.1108959063488717,1.6032401940667074,SAV (sav.1),1,6.072104912742985,1.0,False,,,,,2.1108959063488717,1.6032401940667074,,,,
traveler (traveler.454),454,217.5,2.4804316951860907,,,,0.8580330081390741,4.359162658866331,SAV (sav.1),2,16.58610970292643,1.536427386805634,False,,,,,0.8580330081390741,4.359162658866331,247.77068898126953,"[2.0, 6.072104912742985, 16.58610970292643, 25.381354467087]","[1.3824472107343433, 5.6637493663168925, 9.17160951018915]",
traveler (traveler.493),493,247.5,2.806734361260531,0,0.27068898126952945,1.2854744495690773,0.6843166076312185,0.35966086954502596,SAV (sav.1),,,,False,0,4.945029721580999,4.712115946765359,normal,,,,,,"[7.63661457475161, 0.4270875154414901, -0.9024107639503185, -1.17129232417444]"
traveler (traveler.494),494,247.5,1.3737811690002122,0,0.0,1.2854744495690773,1.4234737291948636,3.3534435473808304,SAV (sav.0),,,,False,0,2.5574725444338298,2.288857599878551,normal,,,,,,"[4.296018770244741, 1.8414270579963408, -0.08900694808307556, -0.12948866981216403]"
traveler (traveler.495),495,247.5,0.7536602883491323,2,,,3.1910702700010383,2.800708683205506,,,,,,2,,,,,,,,,"[3.606266992495265, 1.051866263778235, 7.784135067046, -0.41298706374355976]"
traveler (traveler.496),496,247.5,0.62608754745818,4,,,1.9238353797213252,2.7449896883979594,,,,,,4,,,,,,,,,"[2.0610245326558823, -1.1099147932650433, -0.5676796040409062, 1.2987050511329128]"
traveler (traveler.497),497,247.5,0.6653295727372992,4,,,2.511832262281562,1.8347756484252118,,,,,,4,,,,,,,,,"[2.1855118778460807, 0.8685497304303093, -1.1168750154677436, 1.0940417089469332]"
traveler (traveler.498),498,247.5,0.35949197955732254,4,,,2.489953241353431,2.1406484367548404,,,,,,4,,,,,,,,,"[0.4740348170620747, 0.9210845570793503, -0.17232291841354655, 1.0865376089432564]"
traveler (traveler.499),499,247.5,0.4474932754492476,4,,,2.3032819587261892,2.901935621474001,,,,,,4,,,,,,,,,"[6.40092949299666, 0.3214483993351513, 0.803992124951046, 1.7729172403647553]"
traveler (traveler.500),500,247.5,0.2587655013939426,4,,,2.758426356157362,2.513243985611849,,,,,,4,,,,,,,,,"[2.1966451269862532, -0.1251106045527137, 0.5070158269049182, 1.325371042171839]"
traveler (traveler.501),501,247.5,0.5113624109378718,4,,,1.9910172767939769,2.54927578307824,,,,,,4,,,,,,,,,"[-2.767794916590492, -0.4166291058505859, 7.271243883644903, -0.9986582075524448]"
traveler (traveler.502),502,247.5,0.7168462380204025,2,,,3.21410077403839,2.4373213474795783,,,,,,2,,,,,,,,,"[-0.0912582305894531, -1.0808278208570874, 1.4070558164120943, 1.1243373773259806]"
traveler (traveler.503),503,247.5,0.43702201428275766,4,,,2.4459533655892933,2.066332843903721,,,,,,4,,,,,,,,,"[-0.5182781636473023, -0.4426263971768647, 1.5485943374843862, 0.32802350542279707]"
traveler (traveler.488),488,240.0,0.7146914942346289,,,,2.808492404536354,1.8553168466023755,SAV (sav.2),1,5.246058675687344,1.0,False,,,,,2.808492404536354,1.8553168466023755,,,,
traveler (traveler.489),489,240.0,0.8397761134473561,,,,2.963129384813603,1.7994751298926495,SAV (sav.2),2,6.762751798014613,1.1992477157322945,False,,,,,2.963129384813603,1.7994751298926495,256.35073493450153,"[2.0, 5.246058675687344, 6.762751798014613, 10.401913506890654]","[1.010726404059305, 1.2432383091065762, 2.4308610781007944]",
traveler (traveler.504),504,255.0,1.415742752713973,0,1.3507349345015314,1.2854744495690773,3.841024602758296,2.046149191188236,SAV (sav.2),,,,False,0,0.9043118165852999,0.8138453025414281,normal,,,,,,"[2.8478691315971, 0.5956248522034641, 1.1031860233885498, 3.100348332905262]"
traveler (traveler.505),505,255.0,1.1546920295552903,0,1.3507349345015314,1.2854744495690773,3.550932515583864,2.021612572482212,SAV (sav.2),,,,False,0,5.577278147400099,5.486811633356227,normal,,,,,,"[7.353717926413026, -0.31960196859262535, -0.5527792309261816, 0.8382892476647464]"
traveler (traveler.506),506,255.0,3.2115363197754725,0,1.3507349345015314,1.2854744495690773,0.3906172991051271,0.07833318674875467,SAV (sav.2),,,,False,0,1.1845974395967507,1.0941309255528786,normal,,,,,,"[4.277772700342111, 0.45661819935958986, -0.7374566273964822, -0.3590075374809959]"
traveler (traveler.507),507,255.0,0.5740643019740831,4,,,2.8291168941360754,2.0296470550796832,,,,,,4,,,,,,,,,"[6.970133377978546, 0.31346078687704215, 2.746211588220894, -1.444976563581597]"
traveler (traveler.508),508,255.0,0.5875530587036669,4,,,2.843685262808193,2.976549091826328,,,,,,4,,,,,,,,,"[7.323936545321368, 1.6838695282965723, -0.25688356571323334, 3.7378518894912527]"
traveler (traveler.509),509,255.0,0.6836123051354952,4,,,2.4545810447620857,1.817898173116534,,,,,,4,,,,,,,,,"[9.217830774687496, -0.6278413945729041, 0.31467880567299233, 1.4061946817781752]"
traveler (traveler.510),510,255.0,0.4295108083594699,4,,,2.5022954032141502,2.9295046747378772,,,,,,4,,,,,,,,,"[-2.6633269491767066, 0.1419931598446387, -0.6313556625403677, -1.3615141715844004]"
traveler (traveler.486),486,240.0,0.9957583363935714,,,,2.1987990567494227,3.449111508876726,SAV (sav.3),1,6.129366542608576,1.0,False,,,,,2.1987990567494227,3.449111508876726,,,,
traveler (traveler.483),483,240.0,1.2070663185942696,,,,3.6675057908959277,2.193504770495205,SAV (sav.3),2,13.201889359115832,1.9433280678099785,False,,,,,3.6675057908959277,2.193504770495205,257.99533282231533,"[2.0, 6.129366542608576, 13.201889359115832, 17.99533282231534]","[1.4082149441738594, 4.140850211602125, 5.847899770041904]",
traveler (traveler.511),511,255.0,0.9320806362310011,0,2.9953328223153335,1.2854744495690773,2.2886582005450506,3.4078044702687533,SAV (sav.3),,,,False,0,0.06612291833510553,0.19256241971499577,normal,,,,,,"[1.916958984825102, 1.5023957882133885, 0.35145577635334757, 0.17738909708770614]"
traveler (traveler.512),512,255.0,0.6227268892693949,4,,,2.576504004113014,1.881990359319684,,,,,,4,,,,,,,,,"[3.912762515156872, -0.824761058197598, -0.1481631722249803, 1.52118720548982]"
traveler (traveler.513),513,255.0,0.7540392714591413,0,2.9953328223153335,1.2854744495690773,1.8278227406199914,2.841691315188158,SAV (sav.3),,,,False,0,0.15996051062139371,0.28640001200128395,normal,,,,,,"[1.8968193629266066, 0.9991248439237216, -0.8319100228513672, -1.1620650187101649]"
traveler (traveler.514),514,255.0,0.8179048249335819,1,,,2.884684620734108,3.2217936306315598,,,,,,1,,,,,,,,,"[0.1725759687039124, 0.40719683518837774, 0.22621897277434758, 0.7047557550733262]"
traveler (traveler.515),515,255.0,0.6003799038701889,4,,,3.047637909335802,2.2539334455284727,,,,,,4,,,,,,,,,"[1.0996240579875982, 0.39159439377336963, 0.7446114919023137, -0.8663895211887449]"
traveler (traveler.516),516,255.0,0.536125368256175,4,,,2.626234917088249,3.0210519707241708,,,,,,4,,,,,,,,,"[0.9085050005745932, 0.6248319616250096, 0.004483830190358303, 0.3558763088219555]"
traveler (traveler.493),493,247.5,2.806734361260531,,,,0.6843166076312185,0.35966086954502596,SAV (sav.1),1,10.820715110384954,1,False,,,,,0.6843166076312185,0.35966086954502596,267.41211920203943,"[1, 10.820715110384954, 19.64143022076991]","[3.9693217996732293, 7.938643599346459]",
traveler (traveler.517),517,262.5,1.7239832870426457,0,4.912119202039435,1.2854744495690773,3.26456082635234,4.045174785197387,SAV (sav.1),,,,False,0,-0.938151178932001,-0.5589067219302988,normal,,,,,,"[1.6724442700946616, -0.37163202294366415, -1.132878276006967, 0.7687481884943369]"
traveler (traveler.518),518,262.5,1.264584350292829,2,,,2.450629308512708,1.2363797588564818,,,,,,2,,,,,,,,,"[-1.0072163074685143, 2.7960115085539994, 4.8191866685750755, 2.135892636842488]"
traveler (traveler.519),519,262.5,2.094799553650274,2,,,4.513050092340877,3.0794950350950163,,,,,,2,,,,,,,,,"[-1.5486236914213958, -0.8104232499185052, 0.45829391888631715, 0.18094573091546956]"
traveler (traveler.520),520,262.5,1.3008362456165208,1,,,1.6189549996474228,3.457044745695525,,,,,,1,,,,,,,,,"[-0.9684368187491302, 1.1560835751638339, -0.8802686611677243, -0.1153839614235802]"
traveler (traveler.521),521,262.5,2.5859566295271263,1,,,3.538806279098774,4.868132851911027,,,,,,1,,,,,,,,,"[-1.5959604564134442, 0.6627263437258201, -0.2840293791236466, 1.5584892454841532]"
traveler (traveler.522),522,262.5,0.24519531909535444,4,,,2.65705255279352,2.3117043809131204,,,,,,4,,,,,,,,,"[-0.37482529721771446, -0.48924138430430225, -0.6614361010188774, 0.7429429596760011]"
traveler (traveler.523),523,262.5,0.9247096303443922,1,,,2.881981684729462,3.34212700525687,,,,,,1,,,,,,,,,"[-1.95314832684992, 1.2189114847467153, -0.2464888717422911, 0.5057687459362052]"
traveler (traveler.524),524,262.5,0.921860924293547,1,,,3.41139046293493,2.361454022755595,,,,,,1,,,,,,,,,"[-0.8109035182004622, 1.8398481786186471, 0.49499481936035244, -0.7625012626485899]"
traveler (traveler.525),525,262.5,0.931406616227298,3,,,1.5726268606917653,2.586587211766949,,,,,,3,,,,,,,,,"[-2.0930926283112425, -1.1696578813228293, 1.4581199080054843, 1.6802668460244639]"
traveler (traveler.526),526,262.5,0.21258612616998704,4,,,2.477361797790027,2.711377323383238,,,,,,4,,,,,,,,,"[-0.670407799145595, 1.6632905900535462, 0.8140624450506676, 1.025046727701152]"
traveler (traveler.527),527,262.5,0.8074159533491702,0,4.912119202039435,1.2854744495690773,2.1988864510500954,1.7508330277157549,SAV (sav.1),,,,False,0,1.8772477937984973,2.2564922508002,normal,,,,,,"[3.9010818941856398, 0.8558873070257899, -1.1169576678963324, 1.7595180598119755]"
traveler (traveler.528),528,262.5,0.29608246942839356,4,,,2.795849862902097,2.511734024187212,,,,,,4,,,,,,,,,"[-1.0643485169147753, 0.48500855223912426, 0.22936636716656875, 0.03274081924573871]"
traveler (traveler.529),529,262.5,0.7010419023963878,2,6.6493787226015115,1.2854744495690773,2.6222759360416354,3.1902958383046274,,,,,False,0,-0.0006075059045409503,0.11897817953113687,normal,,,,,,"[1.6954700636981825, 0.5908850743504875, 1.7801078372777028, -0.3480122659556417]"
traveler (traveler.530),530,262.5,0.9517772330759869,3,,,3.449634068745798,2.5638360155326323,,,,,,3,,,,,,,,,"[0.16870939967481477, 0.374791541435107, 0.274889481220711, 1.7904465351074574]"
traveler (traveler.531),531,262.5,0.7034685911373211,0,4.912119202039435,1.2854744495690773,2.3658235466046476,1.8094460643288084,SAV (sav.1),,,,False,0,2.7243775373810415,3.1036219943827437,normal,,,,,,"[4.681667378337547, -0.3334263262934237, -0.08811632010906104, -0.08922818991486223]"
traveler (traveler.532),532,270.0,1.5876207512341538,1,,,2.4919454961222516,0.9123996804243889,,,,,,1,,,,,,,,,"[1.161490220179697, 1.9479444143626024, -0.41000884237199264, 0.1273777945272279]"
traveler (traveler.494),494,247.5,1.3737811690002122,,,,1.4234737291948636,3.3534435473808304,SAV (sav.0),1,7.317377690961923,1.0,False,,,,,1.4234737291948636,3.3534435473808304,,,,
traveler (traveler.491),491,247.5,2.601020244942647,,,,0.9502335461196398,4.588906473020897,SAV (sav.0),2,12.475160708368424,1.1164236005130999,False,,,,,0.9502335461196398,4.588906473020897,269.1493787226015,"[2.0, 7.317377690961923, 12.475160708368424, 21.649378722601494]","[1.9428199609328651, 3.813822318765791, 7.4922204251706725]",
traveler (traveler.533),533,270.0,1.9992970827362184,0,0.0,1.2854744495690773,0.5585593655843046,2.022509593732884,SAV (sav.0),,,,False,0,-1.2046172848087053,-1.4732322293639846,normal,,,,,,"[0.9343671277529942, -0.47901018489292585, 0.4633204489234402, 0.9541070959651095]"
traveler (traveler.534),534,270.0,1.714646160992113,3,,,1.3147010413547011,3.7389825810072397,,,,,,3,,,,,,,,,"[-1.1231710574846543, -0.14234045130697612, 0.32098132186472267, 2.4381844229137224]"
traveler (traveler.535),535,270.0,2.0660062408621713,3,,,4.318919091149197,1.5202474153469052,,,,,,3,,,,,,,,,"[-0.5257611194192284, -0.6580300745122567, -0.48139224290699695, 0.6614280436945956]"
traveler (traveler.536),536,270.0,0.8186943364118839,0,0.0,1.2854744495690773,2.975969123319083,1.8338815344702126,SAV (sav.0),,,,False,0,1.472657343102202,1.204042398546923,normal,,,,,,"[2.8558521544250084, 0.4831284486424302, -0.4722501142149445, 1.1745799283841536]"
traveler (traveler.511),511,255.0,0.9320806362310011,,,,2.2886582005450506,3.4078044702687533,SAV (sav.3),1,5.9292468377405,1.0,False,,,,,2.2886582005450506,3.4078044702687533,,,,
traveler (traveler.513),513,255.0,0.7540392714591413,,,,1.8278227406199914,2.841691315188158,SAV (sav.3),2,9.22331525025144,1.7176539429403614,False,,,,,1.8278227406199914,2.841691315188158,270.5883648820322,"[2.0, 5.9292468377405, 9.22331525025144, 12.593032059716874]","[1.318161076983225, 2.350491862613148, 3.4168644268725936]",
traveler (traveler.537),537,270.0,0.8207506607652838,0,0.588364882032181,1.2854744495690773,2.4492782105459487,3.319181876765611,SAV (sav.3),,,,False,0,4.374800698844849,4.183785198580795,normal,,,,,,"[5.836911357091275, -0.5140032355395863, 0.1090169674693164, 2.6531216973746448]"
traveler (traveler.538),538,270.0,0.4526931373938719,4,,,2.673750605022577,2.9180212959859766,,,,,,4,,,,,,,,,"[1.022777727286487, 2.907438072403565, -0.19966578195786733, 1.7462311340522567]"
traveler (traveler.539),539,270.0,0.5771968276169196,4,,,2.0922191523787967,2.091501581246183,,,,,,4,,,,,,,,,"[0.6391473685511208, -0.6908477159818771, 0.7627981419671015, 0.32044321605379433]"
traveler (traveler.540),540,270.0,0.5860761351773487,4,,,3.084981156808969,2.4641910290170403,,,,,,4,,,,,,,,,"[2.8888188263980585, 3.580123956146909, -0.8568205131414057, 1.0084723655790626]"
traveler (traveler.541),541,277.5,2.431748649865455,1,,,1.6571303851763601,0.21899752114788062,,,,,,1,,,,,,,,,"[-1.5993734568622393, -0.6348836380679681, -0.08650112186753257, 0.03212078506314723]"
traveler (traveler.542),542,277.5,0.5520840408188527,4,,,1.9763771312499343,2.6749739393419034,,,,,,4,,,,,,,,,"[0.6930850477178799, 0.13099216582798032, 0.040631869347543384, 2.8186606939433565]"
traveler (traveler.543),543,277.5,0.363762726296179,4,,,2.861264964381114,2.5425552176958526,,,,,,4,,,,,,,,,"[-2.238892846035556, 1.923150523144223, 1.8267067428685768, 4.537349265109203]"
traveler (traveler.544),544,277.5,0.5398786415220783,4,,,2.905639645963051,2.143734052715257,,,,,,4,,,,,,,,,"[2.7842582449503457, 1.4861936466282348, 2.895250109588938, 1.7675628063687725]"
traveler (traveler.537),537,270.0,0.8207506607652838,,,,2.4492782105459487,3.319181876765611,SAV (sav.3),1,4.579370479513209,1,False,,,,,2.4492782105459487,3.319181876765611,277.7471058410586,"[1, 4.579370479513209, 7.158740959026416]","[1.1607167157809437, 2.3214334315618874]",
traveler (traveler.545),545,277.5,0.7492918421529118,0,0.24710584105861244,1.2854744495690773,3.091291424714151,2.0397688452783607,SAV (sav.3),,,,False,0,1.8410083754887165,1.6049842203106581,normal,,,,,,"[3.21236439678595, 0.3883668651755285, 1.358785723968346, 1.7213624643351695]"
traveler (traveler.546),546,277.5,0.9437872908742097,0,0.24710584105861244,1.2854744495690773,1.580571976444899,2.2869587835247818,SAV (sav.3),,,,False,0,-0.6641467386877017,-0.9001708938657603,normal,,,,,,"[0.8317199514941408, -0.0333386293649936, -0.7868924414229312, 1.037803690548817]"
traveler (traveler.547),547,277.5,0.8357499752360704,3,11.967128761401739,1.2854744495690773,3.3351909557019486,2.5305628634253785,,,,,False,0,1.4601236790538912,1.8251659289977038,normal,,,,,,"[3.487894238560286, -0.9702038015935813, -0.8134395185368262, 3.522878383238008]"
traveler (traveler.548),548,277.5,0.5444844800870058,4,,,2.108158619180272,2.1219475151081455,,,,,,4,,,,,,,,,"[2.3532909660607255, 0.32228690059955467, 0.7982047288144091, -0.07404014391541452]"
traveler (traveler.549),549,277.5,0.6750233915059495,4,,,1.8763478690137754,2.241708307147645,,,,,,4,,,,,,,,,"[-0.1368117058261261, -0.6725498541936866, 0.31157862426142396, 2.274175093506067]"
traveler (traveler.550),550,277.5,0.722565376625083,1,,,3.043568017391794,2.0239385187120233,,,,,,1,,,,,,,,,"[-1.0345982649674235, 4.703456540682834, -0.0887554104312507, -1.4767097449357547]"
traveler (traveler.551),551,277.5,0.2795349006291138,4,,,2.666488214961955,2.275452822443678,,,,,,4,,,,,,,,,"[-0.6408433801125984, 3.1819906909551494, 1.0312652825732602, -0.1625016180338893]"
traveler (traveler.504),504,255.0,1.415742752713973,,,,3.841024602758296,2.046149191188236,SAV (sav.2),1,7.449250226043377,1.0,False,,,,,3.841024602758296,2.046149191188236,,,,
traveler (traveler.505),505,255.0,1.1546920295552903,,,,3.550932515583864,2.021612572482212,SAV (sav.2),2,9.364177004190296,1.4126403990755823,False,,,,,3.550932515583864,2.021612572482212,,,,
traveler (traveler.506),506,255.0,3.2115363197754725,,,,0.3906172991051271,0.07833318674875467,SAV (sav.2),3,22.023508894721886,1.6820974910269615,False,,,,,0.3906172991051271,0.07833318674875467,289.46712876140174,"[2.0, 7.449250226043377, 9.364177004190296, 22.023508894721886, 33.11639382690022]","[2.0021626017195198, 2.4138796518856336, 7.660579002624848, 12.202377222105099]",
traveler (traveler.552),552,285.0,2.1264075940067877,0,4.467128761401739,1.2854744495690773,2.104169098159165,4.5892408078049804,SAV (sav.2),,,,False,0,0.1438438277637215,0.46439849554971824,normal,,,,,,"[2.953370526858379, 2.2919710340647224, -0.9783868348372559, -0.5237342627973866]"
traveler (traveler.553),553,285.0,0.4606856245943795,4,,,2.645420066604009,2.062868156116717,,,,,,4,,,,,,,,,"[0.7835021281228285, -0.2599963392025658, 1.0305948135138219, -0.8441612973823399]"
traveler (traveler.554),554,285.0,0.4804525020526964,4,,,2.019559182742193,2.4966492028788956,,,,,,4,,,,,,,,,"[0.198612831482657, 1.1662523513248333, -0.08186372423895169, -0.2512876448276573]"
traveler (traveler.555),555,285.0,0.3837105995540615,4,,,2.293013141689319,2.176905176926631,,,,,,4,,,,,,,,,"[-0.6790545842536392, 5.66817843723089, 1.2395230972832785, 4.216693989919655]"
traveler (traveler.556),556,285.0,0.7848498751800275,3,,,3.2229861312011208,2.1945816301187167,,,,,,3,,,,,,,,,"[0.6489195398769325, -0.11947304926750707, 0.13129135633100433, 1.0417498634782956]"
traveler (traveler.557),557,285.0,0.8306683045610235,1,,,3.277706222343946,2.7918610353058355,,,,,,1,,,,,,,,,"[2.966570015033732, 3.1595889553591925, 1.1437925913448121, 0.20946367516265943]"
traveler (traveler.558),558,285.0,0.15304485314411115,4,,,2.4167649427846682,2.371568491699805,,,,,,4,,,,,,,,,"[-1.206234193283552, -0.002247915930617547, 0.44230460660934623, 0.13929040511036783]"
traveler (traveler.559),559,285.0,0.7528236755672768,1,,,3.2095821278690186,2.248530935692877,,,,,,1,,,,,,,,,"[-1.5476309934916492, -0.05351584095448543, -0.21042344551197822, -0.13383297892779752]"
traveler (traveler.560),560,285.0,0.20340319452325062,4,,,2.396158910446397,2.325100349735673,,,,,,4,,,,,,,,,"[1.049081299955415, 1.1795901875558483, 0.5490138271827183, 1.2783626224690783]"
traveler (traveler.561),561,285.0,0.869122404402672,2,,,1.8180269354752723,1.9612175827874176,,,,,,2,,,,,,,,,"[-1.0300722422189688, -0.521589929047481, 1.1669826812140722, 0.9379089370515542]"
traveler (traveler.562),562,285.0,0.8917770802023535,0,4.467128761401739,1.2854744495690773,3.362892541624624,2.725128457514441,SAV (sav.2),,,,False,0,0.9524253967856002,1.2729800645715972,normal,,,,,,"[2.9715753949867665, 1.6391442542589663, 0.47920763807847605, 1.1827209754368686]"
traveler (traveler.563),563,285.0,0.9935299239680575,2,,,2.602576602447032,3.4882204968783017,,,,,,2,,,,,,,,,"[-0.15203773943743407, -0.8917509655029623, 1.3249147569212785, -0.04242702190400317]"
traveler (traveler.527),527,262.5,0.8074159533491702,,,,2.1988864510500954,1.7508330277157549,SAV (sav.1),1,5.537463537117331,1.0,False,,,,,2.1988864510500954,1.7508330277157549,,,,
traveler (traveler.531),531,262.5,0.7034685911373211,,,,2.3658235466046476,1.8094460643288084,SAV (sav.1),2,7.093494284408134,1.3613091939169213,False,,,,,2.3658235466046476,1.8094460643288084,,,,
traveler (traveler.517),517,262.5,1.7239832870426457,,,,3.26456082635234,4.045174785197387,SAV (sav.1),3,15.666162233350411,1.8610409466475402,False,,,,,3.26456082635234,4.045174785197387,289.4962382039238,"[2.0, 5.537463537117331, 7.093494284408134, 15.666162233350411, 22.084119001884318]","[1.1418585917027988, 1.39207242798366, 4.799773005007685, 7.237853550847943]",
traveler (traveler.564),564,292.5,2.2423733725924886,0,0.0,1.2854744495690773,0.7328846715317466,3.8804136184507705,SAV (sav.1),,,,False,0,0.6504377053497561,0.38182276079447774,normal,,,,,,"[2.9450329131201527, 1.3643356172610048, -0.7266196278409061, 0.9922671731494449]"
traveler (traveler.565),565,292.5,0.8968982724845469,0,0.0,1.2854744495690773,1.644372027635844,2.7689373237276067,SAV (sav.1),,,,False,0,1.822486899607729,1.55387195505245,normal,,,,,,"[3.2557457327564108, 0.12117698555399642, 0.19293204988423693, -0.5841459943492948]"
traveler (traveler.566),566,292.5,0.37693666157644345,4,,,2.7199249342515333,2.193872134337867,,,,,,4,,,,,,,,,"[-0.8586291619304678, -0.6094608194871983, 2.5997842312008324, 3.3361134282101004]"
traveler (traveler.567),567,292.5,0.9999332977197603,1,,,1.7997324485529496,3.2137870524736822,,,,,,1,,,,,,,,,"[-0.2425003416828276, -0.15535919416724836, -0.6697885925467822, -0.07202156462850792]"
traveler (traveler.568),568,292.5,0.11204665184518592,4,,,2.611446216926036,2.4884158331075907,,,,,,4,,,,,,,,,"[-0.07554635796153535, 1.6728808121701033, -0.6467569945698506, 1.2329861796549715]"
traveler (traveler.569),569,292.5,0.5301300422221661,4,,,2.9830748068377604,2.7183497026907437,,,,,,4,,,,,,,,,"[-4.169276551085331, -0.5260669238800313, -0.9675122448099511, -0.9725740745983582]"
traveler (traveler.570),570,292.5,0.6822669605101206,4,,,1.8368552657160904,2.6603972156717233,,,,,,4,,,,,,,,,"[0.10179913401993565, 0.279635620179111, 0.3402996103744388, 0.6973154661238562]"
traveler (traveler.545),545,277.5,0.7492918421529118,,,,3.091291424714151,2.0397688452783607,SAV (sav.3),1,5.354797078551485,1.0,False,,,,,3.091291424714151,2.0397688452783607,,,,
traveler (traveler.546),546,277.5,0.9437872908742097,,,,1.580571976444899,2.2869587835247818,SAV (sav.3),2,11.165665552750474,1.871538004878657,False,,,,,1.580571976444899,2.2869587835247818,292.87880869769725,"[2.0, 5.354797078551485, 11.165665552750474, 15.131702856638626]","[1.0596586853481682, 3.224549498737713, 4.559266285487381]",
traveler (traveler.571),571,300.0,2.1987560365132253,0,0.0,1.2854744495690773,3.2495711264311007,0.4329559185822479,SAV (sav.3),,,,False,0,-1.0257416772620849,-1.2943566218173637,normal,,,,,,"[1.240930904421693, 1.0307704077544082, 1.4092532513670435, 0.29674650851134365]"
traveler (traveler.572),572,300.0,1.46772724191167,3,,,1.8470817961923398,3.81450411782779,,,,,,3,,,,,,,,,"[-0.8903684128489721, -0.501994947235404, 1.1888386741468278, 1.6553590488034586]"
traveler (traveler.573),573,300.0,2.070625372410384,3,,,2.4762897948446607,4.570489618192068,,,,,,3,,,,,,,,,"[-0.002319473464915413, 0.7395488166153286, 0.2989454750089913, 2.077841790961229]"
traveler (traveler.574),574,300.0,0.32329292019345257,4,,,2.4239563302925986,2.1857776702004745,,,,,,4,,,,,,,,,"[-0.7031028073130842, 0.5495850441927561, 0.45697739947742255, -1.099656041486196]"
traveler (traveler.575),575,300.0,0.17224988443084432,4,,,2.658986455678048,2.566282196684867,,,,,,4,,,,,,,,,"[-1.075306336047392, 1.0946433643056592, 0.002639039306646743, 0.15578917328337313]"
traveler (traveler.576),576,300.0,0.35422230615174394,4,,,2.644350456702579,2.823475482572044,,,,,,4,,,,,,,,,"[0.5128315976854726, -0.2035949734616997, 1.2429964808834542, -0.028666649517492947]"
traveler (traveler.577),577,300.0,0.8197484282581218,3,,,2.448251594187181,3.3181134323108825,,,,,,3,,,,,,,,,"[-1.8377212826142753, -1.258163291229972, -1.0209878439139477, -0.3007311140579509]"
traveler (traveler.578),578,300.0,0.3863002233778106,4,,,2.558096793826848,2.1180934340328945,,,,,,4,,,,,,,,,"[3.1912773065442317, -1.1446174833629266, 0.10018971302455394, -1.0296264533482686]"
traveler (traveler.579),579,300.0,0.38778258704527846,4,,,2.2117251177295154,2.759370250929954,,,,,,4,,,,,,,,,"[1.9802994854739073, -0.600903461088197, 1.4185304351413357, 1.653604869461588]"
traveler (traveler.580),580,300.0,0.6082814228614472,4,,,2.287059895375383,3.069791892923025,,,,,,4,,,,,,,,,"[0.005332088976476432, 0.892187127082137, 1.7096775484341808, -0.6123050912629334]"
traveler (traveler.581),581,300.0,0.03803196209609361,4,,,2.535650569426193,2.513246397263668,,,,,,4,,,,,,,,,"[-1.5823457841888466, -0.7312468230875917, 1.251901047838106, 0.5089958324162583]"
traveler (traveler.582),582,307.5,1.8135394092084622,2,,,3.4321904645088184,0.944382397042573,,,,,,2,,,,,,,,,"[-1.1116833862764488, -0.18907905134566516, 1.3506990993803802, 0.1357357778496561]"
traveler (traveler.536),536,270.0,0.8186943364118839,,,,2.975969123319083,1.8338815344702126,SAV (sav.0),1,5.572908075537172,1.0,False,,,,,2.975969123319083,1.8338815344702126,,,,
traveler (traveler.533),533,270.0,1.9992970827362184,,,,0.5585593655843046,2.022509593732884,SAV (sav.0),2,14.193186727344164,1.5289135580253328,False,,,,,0.5585593655843046,2.022509593732884,291.476371282052,"[2.0, 5.572908075537172, 14.193186727344164, 21.476371282051996]","[1.1578086339917275, 4.586934027304874, 7.414367076923398]",
traveler (traveler.583),583,307.5,1.3529557832626848,0,0.0,1.2854744495690773,3.21118343991664,1.3490406322322757,SAV (sav.0),,,,False,0,1.2904093651153283,1.0217944205600493,normal,,,,,,"[3.0156237483303996, 0.9375274834447702, -0.7367368410838017, 0.9601293191012978]"
traveler (traveler.584),584,307.5,0.43358040067270776,4,,,2.0694230005114647,2.550945179938396,,,,,,4,,,,,,,,,"[-1.068012218054672, -0.10559640470911137, 1.819839322875712, -0.06707139208143045]"
traveler (traveler.585),585,307.5,0.8720424924349605,3,,,1.7149835295653313,2.8797462965697926,,,,,,3,,,,,,,,,"[-0.6520789212019354, 0.4124623412741227, 0.6876878837011421, 1.2753547568660033]"
traveler (traveler.586),586,307.5,0.9936445187652178,0,0.0,1.2854744495690773,3.4650980367877913,2.2635360301007523,SAV (sav.0),,,,False,0,2.3707734275209456,2.1021584829656668,normal,,,,,,"[3.8659665625552346, 0.952534541607021, 1.8723044192689453, 1.145152453602073]"
traveler (traveler.587),587,307.5,0.6145772986283424,4,,,2.9208529679733664,2.9478705564527763,,,,,,4,,,,,,,,,"[-1.2820368799019783, 2.4435761956193254, 2.071407754689735, 2.2410705043198433]"
traveler (traveler.588),588,307.5,0.9209932873182989,2,,,3.4044297799447154,2.673883318448091,,,,,,2,,,,,,,,,"[-0.6679704695294167, 0.5523592742565556, 2.1554024072083298, -1.3347395630417516]"
traveler (traveler.589),589,307.5,0.8000502463337792,3,,,1.7028419213608252,2.4320338737381615,,,,,,3,,,,,,,,,"[0.5017323813964739, 0.561480671714889, -1.210462115196954, 2.177862655210845]"
traveler (traveler.590),590,307.5,0.8027085516056078,1,,,1.6979140365088436,2.531608954288874,,,,,,1,,,,,,,,,"[-1.7619684684994614, 1.506526417938154, -0.013419456600725896, 0.6620479195273407]"
traveler (traveler.562),562,285.0,0.8917770802023535,,,,3.362892541624624,2.725128457514441,SAV (sav.2),1,5.802584980968106,1.0,False,,,,,3.362892541624624,2.725128457514441,,,,
traveler (traveler.552),552,285.0,2.1264075940067877,,,,2.104169098159165,4.5892408078049804,SAV (sav.2),2,13.871417326709523,1.432604823209361,False,,,,,2.104169098159165,4.5892408078049804,311.0212004405058,"[2.0, 5.802584980968106, 13.871417326709523, 21.55407167910406]","[1.2611632414356477, 4.442137797019285, 7.449332255596826]",
traveler (traveler.591),591,315.0,2.306234894177223,0,0.0,1.2854744495690773,1.9511523850209662,4.739974482589579,SAV (sav.2),,,,False,0,-0.18793038211015523,-0.456545326665434,normal,,,,,,"[2.147547225843796, -0.46532650497817934, 0.19012453034961768, 1.836321873512659]"
traveler (traveler.565),565,292.5,0.8968982724845469,,,,1.644372027635844,2.7689373237276067,SAV (sav.1),1,5.818679335592547,1.0,False,,,,,1.644372027635844,2.7689373237276067,,,,
traveler (traveler.564),564,292.5,2.2423733725924886,,,,0.7328846715317466,3.8804136184507705,SAV (sav.1),2,11.33606823951981,1.1282926070371058,False,,,,,0.7328846715317466,3.8804136184507705,311.8831678737967,"[2.0, 5.818679335592547, 11.33606823951981, 19.383167873796687]","[1.268405701016646, 3.301230707783914, 6.472425543208509]",
traveler (traveler.592),592,315.0,1.676784635945266,0,0.0,1.2854744495690773,3.315240404152688,1.034738999775446,SAV (sav.1),,,,False,0,1.708063249679244,1.4394483051239653,normal,,,,,,"[3.640584011098674, 0.7092810653795679, 0.5113261306074031, -0.005150301019295858]"
traveler (traveler.593),593,315.0,2.9957133066652313,1,,,0.7265004065192177,0.08566833105833727,,,,,,1,,,,,,,,,"[-2.4900094617196387, 1.0635053672841752, 0.49416414690956567, 1.770599448532783]"
traveler (traveler.594),594,315.0,0.6293290587688813,4,,,2.9344857798743575,2.044722973017639,,,,,,4,,,,,,,,,"[-1.7655523537272377, -0.024329128472797612, -0.6819333631832665, 1.5293188840535092]"
traveler (traveler.595),595,315.0,0.9614250121637474,3,,,3.01906812375913,3.30926283549366,,,,,,3,,,,,,,,,"[-1.067466066812161, -0.34846317711141367, -0.3453698414851592, 1.7196232956293351]"
traveler (traveler.596),596,315.0,0.3987328015540203,4,,,2.3167546328864352,2.8541313068150465,,,,,,4,,,,,,,,,"[1.0588764537866833, 1.2741192833761454, 2.386052444582764, 1.3668827096422458]"
traveler (traveler.597),597,315.0,0.932739179636575,0,0.0,1.2854744495690773,1.6175374382397136,2.8020963493996307,SAV (sav.2),,,,False,0,1.4570750853381678,1.1884601407828888,normal,,,,,,"[2.913278287377069, -0.4052588385299628, 1.7673686883676771, 0.14278290788847836]"
traveler (traveler.598),598,315.0,0.5781603841888624,4,,,2.415091506598641,3.0718915785301655,,,,,,4,,,,,,,,,"[-1.4551752526683577, 0.13185850313829447, -0.05618344036579796, -0.32596624017393044]"
traveler (traveler.599),599,315.0,0.9169501348925817,0,0.0,1.2854744495690773,3.2999995150161796,2.051894737976219,SAV (sav.1),,,,False,0,0.8217042197681723,0.5530892752128935,normal,,,,,,"[2.267799707024808, 1.524506722181696, 0.05573220090003307, 1.0810077464372385]"
traveler (traveler.600),600,315.0,0.7628305752121957,0,0.0,1.2854744495690773,2.5801332823262673,1.7413899924584517,SAV (sav.1),,,,False,0,1.8965935734599388,1.6279786289046598,normal,,,,,,"[3.2440259321438134, 0.6829836948729804, -0.03267760955203473, 0.6790169403428583]"
traveler (traveler.571),571,300.0,2.1987560365132253,,,,3.2495711264311007,0.4329559185822479,SAV (sav.3),1,9.910023571526034,1,False,,,,,3.2495711264311007,0.4329559185822479,316.8200471430521,"[2, 9.910023571526034, 16.82004714305207]","[3.1095106071867153, 6.219021214373431]",
traveler (traveler.601),601,322.5,2.111883592434697,0,0.0,1.2854744495690773,1.2454233076693344,4.198849502179498,SAV (sav.3),,,,False,0,0.15024854904025275,-0.11836639551502648,normal,,,,,,"[2.361307767064514, 0.8376917532660089, -0.09534562176077198, -0.18663566932469652]"
traveler (traveler.602),602,322.5,1.087503566251329,2,,,2.6861929915344147,3.571445834614529,,,,,,2,,,,,,,,,"[-1.9424566704387658, -0.8237020304480818, 2.0561118756402585, -1.1023269008578902]"
traveler (traveler.603),603,322.5,1.2130452687619713,1,,,3.319868693180382,3.39403252178458,,,,,,1,,,,,,,,,"[2.726222019764761, 5.0066897038578055, 1.7186721477506104, 0.4720129532133723]"
traveler (traveler.604),604,322.5,0.7253593331644289,1,,,2.2673497370158975,3.18703712952225,,,,,,1,,,,,,,,,"[0.2639499006236136, 0.6628801058853468, -0.8689392382114263, 0.35866777267530076]"
traveler (traveler.605),605,322.5,0.701789714176329,1,,,3.0857412453618016,2.886543653945708,,,,,,1,,,,,,,,,"[-0.4369009851032575, 3.960957126848213, -1.2659393271831239, -0.813305781378702]"
traveler (traveler.586),586,307.5,0.9936445187652178,,,,3.4650980367877913,2.2635360301007523,SAV (sav.0),1,6.122723454701019,1.0,False,,,,,3.4650980367877913,2.2635360301007523,,,,
traveler (traveler.583),583,307.5,1.3529557832626848,,,,3.21118343991664,1.3490406322322757,SAV (sav.0),2,10.105429915183027,1.393481482745218,False,,,,,3.21118343991664,1.3490406322322757,322.857359732919,"[2.0, 6.122723454701019, 10.105429915183027, 15.357359732919033]","[1.4052255546154584, 2.747443461832362, 4.660811879813565]",
traveler (traveler.606),606,330.0,2.0838710472508875,0,0.0,1.2854744495690773,2.1382134747403976,4.552225390085381,SAV (sav.0),,,,False,0,0.7625775244685746,0.4939625799132954,normal,,,,,,"[2.9557038769120356, -0.7420100933427358, -0.028709378841488716, 1.0835953983162914]"
traveler (traveler.607),607,330.0,2.2631840067175757,3,,,1.1853963399494756,4.342232087779383,,,,,,3,,,,,,,,,"[0.5911527937155205, 0.9469970679055933, -0.023293270864698193, 4.10060130228023]"
traveler (traveler.600),600,315.0,0.7628305752121957,,,,2.5801332823262673,1.7413899924584517,SAV (sav.1),1,5.397345211684348,1.0,False,,,,,2.5801332823262673,1.7413899924584517,,,,
traveler (traveler.599),599,315.0,0.9169501348925817,,,,3.2999995150161796,2.051894737976219,SAV (sav.1),2,8.861148534675536,1.5065634374318368,False,,,,,3.2999995150161796,2.051894737976219,,,,
traveler (traveler.592),592,315.0,1.676784635945266,,,,3.315240404152688,1.034738999775446,SAV (sav.1),3,13.058119447407407,1.579046004242766,False,,,,,3.315240404152688,1.034738999775446,334.32774516592434,"[2.0, 5.397345211684348, 8.861148534675536, 13.058119447407407, 19.32774516592436]","[1.0788053452579565, 2.1875168406039913, 3.626153751333333, 5.997485324665961]",
traveler (traveler.608),608,330.0,2.9847954992514363,0,4.327745165924341,1.2854744495690773,0.8130449916435772,0.03764605059857151,SAV (sav.1),,,,False,0,-0.09887829140867499,0.20329307396980756,normal,,,,,,"[3.2417815744150866, -0.6963054923961405, -0.49014749520991635, 0.5306295463344239]"
traveler (traveler.609),609,330.0,0.7938173837320048,1,,,2.4047817036862535,1.7119140181666517,,,,,,1,,,,,,,,,"[-1.7432224591252157, 0.44784191094705955, 0.041504735128577996, -0.33787186737494823]"
traveler (traveler.610),610,330.0,0.8645740239029835,2,,,2.1890631121964095,1.6932742134958036,,,,,,2,,,,,,,,,"[-1.2430303304352714, 0.9385048124767474, 1.6552742946739358, 0.23754738488387772]"
traveler (traveler.611),611,330.0,0.44448978240309733,4,,,2.0629762207053037,2.5811257233664726,,,,,,4,,,,,,,,,"[1.4954439715387264, -0.49308805915629866, 1.0953641056513983, 2.2394720259675114]"
traveler (traveler.612),612,330.0,0.9835405153709998,0,0.0,1.2854744495690773,1.8098525284585956,3.200748466213989,SAV (sav.0),,,,False,0,0.7228639959433358,0.45424905138805727,normal,,,,,,"[2.2115888242419275, 0.23604386646084086, 1.4760920532879716, -0.5731199203453027]"
traveler (traveler.613),613,330.0,0.7870821589291819,0,0.0,1.2854744495690773,3.198131963137182,2.8634695130968293,SAV (sav.0),,,,False,0,5.973028684091403,5.7044137395361245,normal,,,,,,"[7.335986243647407, 1.7705069346939837, -0.14748266960515677, -0.014803744685416271]"
traveler (traveler.614),614,330.0,0.9944852042942278,2,4.327745165924341,1.2854744495690773,2.052588216900097,3.3881573722620884,,,,,False,0,0.7698312428256129,0.9270166197339511,normal,,,,,,"[2.6913628832153624, 0.0786506949433719, 2.8990515632139138, -1.2005038628186975]"
traveler (traveler.615),615,330.0,0.5315426529079159,4,,,2.8109491186045052,2.931101191716593,,,,,,4,,,,,,,,,"[1.984304856004795, 0.1492161613199585, -0.48540191708876146, 2.81888585425478]"
traveler (traveler.597),597,315.0,0.932739179636575,,,,1.6175374382397136,2.8020963493996307,SAV (sav.2),1,5.931316439997332,1.0,False,,,,,1.6175374382397136,2.8020963493996307,,,,
traveler (traveler.591),591,315.0,2.306234894177223,,,,1.9511523850209662,4.739974482589579,SAV (sav.2),2,13.111068795746416,1.2794036369051935,False,,,,,1.9511523850209662,4.739974482589579,336.3588658298875,"[2.0, 5.931316439997332, 13.111068795746416, 21.358865829887545]","[1.3190923979987992, 4.099980958085887, 7.361489623449395]",
traveler (traveler.616),616,337.5,1.6961361159281436,0,0.0,1.2854744495690773,4.133196365223325,2.9577634283962935,SAV (sav.2),,,,False,0,2.9756048402535447,2.7069898956982654,normal,,,,,,"[4.92051389010037, -1.98403258051568, 0.14332869460719988, -0.1320290555563573]"
traveler (traveler.617),617,337.5,2.238746764427063,1,,,4.53425411242409,1.5652287545509762,,,,,,1,,,,,,,,,"[0.6683359229038109, 1.2441691686048535, -1.0391648816108068, 0.9789321135919925]"
traveler (traveler.618),618,337.5,1.7290587965849225,0,0.0,1.2854744495690773,4.088535672223315,3.182787478005947,SAV (sav.2),,,,False,0,0.9492682220352373,0.6806532774799585,normal,,,,,,"[2.9152534719525534, 0.8529105510235533, 1.9578909208009685, 1.5816815183975599]"
traveler (traveler.601),601,322.5,2.111883592434697,,,,1.2454233076693344,4.198849502179498,SAV (sav.3),1,9.63700981905414,1,False,,,,,1.2454233076693344,4.198849502179498,338.77401963810826,"[2, 9.63700981905414, 16.27401963810828]","[2.986654418574363, 5.973308837148726]",
traveler (traveler.619),619,337.5,2.331580839043429,0,1.274019638108257,1.2854744495690773,2.8793627200413003,0.19948850564981357,SAV (sav.3),,,,False,0,0.4888187059030784,0.38823421141789716,normal,,,,,,"[3.008552544887822, 2.724244221049391, -0.7222242979960896, 1.0981326286933195]"
traveler (traveler.620),620,337.5,0.6465800419474304,4,,,2.9582614693295364,2.043861669695831,,,,,,4,,,,,,,,,"[-0.3783554222479842, 3.1862138953945016, 2.342368189331989, 1.9702902086845966]"
traveler (traveler.621),621,337.5,0.8479140192033753,0,0.0,1.2854744495690773,2.666521550777367,3.331401682153893,SAV (sav.2),,,,False,0,4.63704070878029,4.3684257642250115,normal,,,,,,"[6.03894116217793, 2.8477216570670767, -0.59717130801939, -0.18175661397500026]"
traveler (traveler.622),622,337.5,0.9961205969415519,0,0.0,1.2854744495690773,3.496119733101463,2.501311860154142,SAV (sav.2),,,,False,0,1.169683695575199,0.90106875101992,normal,,,,,,"[2.666461948163512, 0.1930188361218949, -0.25146792741825297, -0.3801402539253037]"
traveler (traveler.623),623,337.5,0.5303913782205778,4,,,3.0241939126447863,2.580844022888981,,,,,,4,,,,,,,,,"[0.6639515926954364, 1.7674350853549756, 0.4904357349193954, -0.5245263536161997]"
traveler (traveler.624),624,337.5,0.5814856612153331,4,,,2.883473892985031,2.9371193745396535,,,,,,4,,,,,,,,,"[2.3128666037708037, 4.190036293435681, 2.4606084127079266, 0.7489391005550106]"
traveler (traveler.625),625,337.5,0.9988158756357576,3,,,1.6270329349458446,2.9853469447238323,,,,,,3,,,,,,,,,"[-1.9204125446500733, -0.06404183055236383, 0.2546504159031383, 1.2309075651450254]"
traveler (traveler.626),626,337.5,0.9257142228755008,0,1.274019638108257,1.2854744495690773,2.4089841164310917,3.421229033070584,SAV (sav.3),,,,False,0,1.2266919024241172,1.1261074079389364,normal,,,,,,"[2.8464283692727035, 1.8049408621132448, 0.07033536940413693, 1.6181588698298017]"
traveler (traveler.627),627,345.0,2.5311155483509666,1,,,0.5338075141170817,0.9060636689122226,,,,,,1,,,,,,,,,"[-1.426779841095102, 0.3279292901022279, 1.3691582301838312, 0.35130229407798286]"
traveler (traveler.628),628,345.0,0.6398891020019932,4,,,2.1305697486393997,3.0224742598832606,,,,,,4,,,,,,,,,"[-1.6688969711025865, 1.3797529585384016, -1.2601050973126657, 0.037498416878373166]"
traveler (traveler.629),629,345.0,0.937461590307866,1,,,2.0338125123262563,3.3133286295458904,,,,,,1,,,,,,,,,"[-0.5534656796165719, 3.6655532802375044, -0.32017884361389853, 0.1244853911287227]"
traveler (traveler.630),630,345.0,0.63098052442228,4,,,2.854916615026749,1.9783002601321618,,,,,,4,,,,,,,,,"[3.329358928474411, 1.5195083763116408, -0.3152240878943269, 1.3962255830835424]"
traveler (traveler.613),613,330.0,0.7870821589291819,,,,3.198131963137182,2.8634695130968293,SAV (sav.0),1,5.4735605863545445,1.0,False,,,,,3.198131963137182,2.8634695130968293,,,,
traveler (traveler.612),612,330.0,0.9835405153709998,,,,1.8098525284585956,3.200748466213989,SAV (sav.0),2,10.963414037142623,1.7999456068899424,False,,,,,1.8098525284585956,3.200748466213989,,,,
traveler (traveler.606),606,330.0,2.0838710472508875,,,,2.1382134747403976,4.552225390085381,SAV (sav.0),3,16.334261102318905,1.7105774497056523,False,,,,,2.1382134747403976,4.552225390085381,353.8832359851163,"[2.0, 5.4735605863545445, 10.963414037142623, 16.334261102318905, 23.883235985116304]","[1.113102263859545, 3.13353631671418, 5.100417496043506, 8.047456193302336]",
traveler (traveler.631),631,345.0,0.7263656904711044,0,8.8832359851163,1.2854744495690773,2.0757318093657293,3.0895791878191483,SAV (sav.0),,,,False,0,-1.2906918195636476,-0.38769677004193714,normal,,,,,,"[1.2050067109136446, -1.3167422513733729, 0.3708254097707905, 0.5349222027515603]"
traveler (traveler.632),632,352.5,2.0631417852203846,1,,,3.23329620048848,4.428427003614996,,,,,,1,,,,,,,,,"[0.1444375510609013, 1.0213931485348404, 0.940265897472693, 1.298711945762148]"
traveler (traveler.633),633,352.5,2.2496049614171456,1,,,2.4419672132872066,0.2511436955423352,,,,,,1,,,,,,,,,"[-0.9155468751555147, 0.2528720898141749, -0.7324416686346051, 0.31435189150168624]"
traveler (traveler.634),634,352.5,2.8540880253168743,1,,,4.8792598872549755,0.9236304858452077,,,,,,1,,,,,,,,,"[-1.762281242946625, -0.7296920374104978, 0.3129136471253581, -0.7510192840414186]"
traveler (traveler.635),635,352.5,2.3196386065333074,0,1.3832359851163005,1.2854744495690773,4.7464603063167425,3.0780478847492403,SAV (sav.0),,,,False,0,-1.2663747708629336,-1.352554721341224,normal,,,,,,"[1.260118521369063, 0.8095048121742785, 0.7262330792454441, 1.6930106864436518]"
traveler (traveler.636),636,352.5,3.2207292272447625,0,1.3832359851163005,1.2854744495690773,4.68342780277273,4.867644353636688,SAV (sav.0),,,,False,0,-2.7553698192992786,-2.841549769777569,normal,,,,,,"[0.3479770530450286, -1.3637648332923353, 1.3853745761812655, -0.28214285822221463]"
traveler (traveler.637),637,352.5,0.813029293237657,2,,,2.9739205806258573,1.839382171810528,,,,,,2,,,,,,,,,"[-0.504407035757483, -0.31341431374890005, 1.703079524214438, 0.9016098271550289]"
traveler (traveler.638),638,352.5,0.9336958810117678,1,,,2.102299754782978,1.6552381914571057,,,,,,1,,,,,,,,,"[1.3277075279993265, 1.769986285929418, 0.9527184650248408, -1.295049145948866]"
traveler (traveler.639),639,352.5,0.7103258484258795,0,1.3832359851163005,1.2854744495690773,2.118349462991989,1.9009126286229674,SAV (sav.0),,,,False,0,2.0503653145799707,1.964185364101681,normal,,,,,,"[3.546620576699394, 0.9448197883890739, 0.7518519677160609, 1.132718639587126]"
traveler (traveler.640),640,352.5,0.8748462065189343,2,,,2.6402546078471,3.3635302716397533,,,,,,2,,,,,,,,,"[0.09406509122425694, 0.36064286293944636, 1.6840469356392287, -0.477781668049119]"
traveler (traveler.641),641,360.0,1.8245858968741107,1,,,1.5341925799895688,0.9519916917132848,,,,,,1,,,,,,,,,"[0.264464861961392, 2.6296086892498187, 0.36552527405939916, 2.7458894081315046]"
traveler (traveler.642),642,360.0,1.4001863031424138,3,,,1.6137785473610755,1.415964382324006,,,,,,3,,,,,,,,,"[-1.60187604865489, -0.573774916262759, -0.6032615851612492, 0.7577538258449066]"
traveler (traveler.643),643,360.0,1.5263222634017062,1,,,3.7247979864377676,3.4107851251385792,,,,,,1,,,,,,,,,"[-2.2847370338144537, 1.022088104187976, 0.9862811093696326, 0.0837652392685837]"
traveler (traveler.621),621,337.5,0.8479140192033753,,,,2.666521550777367,3.331401682153893,SAV (sav.2),1,5.664736679297098,1.0,False,,,,,2.666521550777367,3.331401682153893,,,,
traveler (traveler.622),622,337.5,0.9961205969415519,,,,3.496119733101463,2.501311860154142,SAV (sav.2),2,10.352932406278473,1.6887568603938885,False,,,,,3.496119733101463,2.501311860154142,,,,
traveler (traveler.616),616,337.5,1.6961361159281436,,,,4.133196365223325,2.9577634283962935,SAV (sav.2),3,13.815921996581341,1.6584861569405187,False,,,,,4.133196365223325,2.9577634283962935,,,,
traveler (traveler.618),618,337.5,1.7290587965849225,,,,4.088535672223315,3.182787478005947,SAV (sav.2),4,15.536898018182026,1.8421944887027617,False,,,,,4.088535672223315,3.182787478005947,359.4708055743396,"[2.0, 5.664736679297098, 10.352932406278473, 13.815921996581341, 15.536898018182026, 21.97080557433958]","[1.1991315056836944, 2.858819582825313, 3.9671648984616033, 4.291604108181911, 6.736862508452811]",
traveler (traveler.644),644,360.0,0.8621691170781077,0,0.0,1.2854744495690773,3.098696135216128,1.8795980946833613,SAV (sav.2),,,,False,0,2.473759257526903,2.2051443129716244,normal,,,,,,"[3.884785434858278, 1.239002820508911, -0.6298070854679696, 0.3738518195251399]"
traveler (traveler.645),645,360.0,0.7376950415684029,2,,,2.523827420283806,3.2373101304045853,,,,,,2,,,,,,,,,"[-0.7828722670325938, -0.8609598540937028, 0.7303787379581594, 0.4274414936925027]"
traveler (traveler.646),646,360.0,0.2395429694126486,4,,,2.528418575303214,2.262148746539429,,,,,,4,,,,,,,,,"[0.927099661902571, -1.075778054673048, -0.6409916544790187, 0.1631637041568549]"
traveler (traveler.647),647,360.0,0.71366631596787,3,,,2.5705953394106844,3.210166113385201,,,,,,3,,,,,,,,,"[-1.230195409026965, 0.04744466664538186, 0.42653766660617803, 1.669076519171463]"
traveler (traveler.648),648,360.0,0.8757274108818279,1,,,1.9879913945942789,1.789545436948795,,,,,,1,,,,,,,,,"[-0.5406323218820492, 3.5749736776731815, 1.5548158593018853, 1.6224018707202652]"
traveler (traveler.649),649,360.0,0.2783112086844102,4,,,2.645711591742451,2.262881335801547,,,,,,4,,,,,,,,,"[4.2038637637670115, -1.345853423579325, -0.26078196193759984, 0.727225289450656]"
traveler (traveler.650),650,360.0,0.909982583825991,0,0.0,1.2854744495690773,2.8386392189031584,3.3446252318556944,SAV (sav.2),,,,False,0,-0.8769135380182059,-1.1455284825734848,normal,,,,,,"[0.5647215135341884, -0.8428495063183967, 0.7018259029506452, 0.5357094189246331]"
traveler (traveler.651),651,360.0,0.5034224964105707,4,,,2.258931206095835,2.0580497239532005,,,,,,4,,,,,,,,,"[-0.6740360963289374, -1.5471849809282117, 0.6843607946905964, 0.20084855772374072]"
traveler (traveler.652),652,360.0,0.6881879698446366,4,,,2.9086498802516454,3.05372191324635,,,,,,4,,,,,,,,,"[-0.7977601927711867, -0.4182962451659731, 1.5901810881743, 0.4754813069048307]"
traveler (traveler.653),653,367.5,2.538296892286657,1,,,0.11747545716863039,3.3755158000848833,,,,,,1,,,,,,,,,"[-0.007254983162590741, 1.295529006934327, 2.005750228882595, 1.6154053003162323]"
traveler (traveler.626),626,337.5,0.9257142228755008,,,,2.4089841164310917,3.421229033070584,SAV (sav.3),1,5.909239130827118,1.0,False,,,,,2.4089841164310917,3.421229033070584,,,,
traveler (traveler.619),619,337.5,2.331580839043429,,,,2.8793627200413003,0.19948850564981357,SAV (sav.3),2,17.141537573737573,1.6598032261844944,False,,,,,2.8793627200413003,0.19948850564981357,364.2430088659446,"[2.0, 5.909239130827118, 17.141537573737573, 25.468989227836367]","[1.3091576088722032, 5.9136919081819075, 9.211045152526365]",
traveler (traveler.654),654,367.5,1.125503772191155,0,0.0,1.2854744495690773,3.4450415313439327,3.111273461923249,SAV (sav.3),,,,False,0,2.1758487898948915,1.9072338453396125,normal,,,,,,"[3.755454614021019, -0.3757283921553988, -0.5208264986389471, 3.7127210880579637]"
traveler (traveler.655),655,367.5,1.7623111513810061,1,,,3.4537601411280776,3.9819184145819895,,,,,,1,,,,,,,,,"[0.612419463417585, 0.583748969421849, 0.029247117262555043, 0.776840679915166]"
traveler (traveler.656),656,367.5,0.49434828080862203,4,,,2.89955709493642,2.2089083466940203,,,,,,4,,,,,,,,,"[0.42219949406633495, 1.1428654105990788, 2.399545493000185, 0.04013161667232739]"
traveler (traveler.657),657,367.5,0.6404342924697428,4,,,2.5160175918147427,3.1402339570217097,,,,,,4,,,,,,,,,"[1.602049310303086, 0.08258403664521011, -0.8267238938022361, -0.9507800022731322]"
traveler (traveler.658),658,367.5,0.305889587305901,4,,,2.3575743155452775,2.770709002491196,,,,,,4,,,,,,,,,"[-2.164603971882282, 2.4671384457320418, 1.5496422380385524, 0.6713268627963246]"
traveler (traveler.659),659,367.5,0.5606329669441166,4,,,2.646397316846327,3.0411812535969434,,,,,,4,,,,,,,,,"[4.174179014627239, 1.0190112129080928, -0.41219230225731696, 0.796713644468886]"
traveler (traveler.660),660,367.5,0.877794675781873,0,0.0,1.2854744495690773,1.6242968660214143,2.5605600030637934,SAV (sav.3),,,,False,0,-0.1717427378302987,-0.4403576823855777,normal,,,,,,"[1.2492864949899962, 0.6502522063723216, 0.031114174834233708, 1.1041265629660002]"
traveler (traveler.608),608,330.0,2.9847954992514363,,,,0.8130449916435772,0.03764605059857151,SAV (sav.1),1,11.380307279892344,1,False,,,,,0.8130449916435772,0.03764605059857151,355.08835972570904,"[1, 11.380307279892344, 20.76061455978469]","[4.221138275951555, 8.44227655190311]",
traveler (traveler.661),661,367.5,0.7352537911022199,0,0.0,1.2854744495690773,2.658142464796585,1.781954668451742,SAV (sav.1),,,,False,0,2.186217995492256,1.9176030509369768,normal,,,,,,"[3.5159964509213566, 1.406139836843299, 1.1558448937297026, -0.6585024563054453]"
traveler (traveler.662),662,367.5,0.5410130356701818,4,,,2.108359984481448,2.8732468392494352,,,,,,4,,,,,,,,,"[-0.8540672875973967, 1.1983048233409146, 0.4027108639644639, -0.057644466562063026]"
traveler (traveler.663),663,367.5,0.9288138656361256,0,0.0,1.2854744495690773,2.8781667756107048,3.3483425527592763,SAV (sav.1),,,,False,0,1.9850421854747962,1.7164272409195171,normal,,,,,,"[3.4387325088062966, -0.3836494388481866, 1.9235112908213754, 0.528360922682419]"
traveler (traveler.664),664,367.5,0.20748018505558866,4,,,2.4255162388337146,2.6936496747046714,,,,,,4,,,,,,,,,"[1.3735200067851585, 0.934552835896594, 3.059695716481405, 1.2300841935326616]"
traveler (traveler.665),665,375.0,2.528928593589027,1,,,4.804764236048353,1.4590669340900804,,,,,,1,,,,,,,,,"[-1.9538981037259346, 0.12107864534651405, 1.3200623842329025, 1.4194157293305445]"
traveler (traveler.644),644,360.0,0.8621691170781077,,,,3.098696135216128,1.8795980946833613,SAV (sav.2),1,5.709536129846882,1.0,False,,,,,3.098696135216128,1.8795980946833613,,,,
traveler (traveler.650),650,360.0,0.909982583825991,,,,2.8386392189031584,3.3446252318556944,SAV (sav.2),2,11.385647326629659,1.9430097566491067,False,,,,,2.8386392189031584,3.3446252318556944,375.24544668567415,"[2.0, 5.709536129846882, 11.385647326629659, 15.245446685674166]","[1.2192912584310969, 3.323541296983347, 4.610451008553375]",
traveler (traveler.666),666,375.0,1.5898430257958898,0,0.2454466856741533,1.2854744495690773,1.0061352924686489,1.9559695943569866,SAV (sav.2),,,,False,0,1.9191173520157976,1.682874370834083,normal,,,,,,"[3.828352434921676, 0.5972827514024134, 1.0004808542263282, -0.5606170455543634]"
traveler (traveler.667),667,375.0,1.617768006614083,0,0.2454466856741533,1.2854744495690773,1.8603112239636188,3.9859244910281206,SAV (sav.2),,,,False,0,0.9868594572603395,0.7506164760786245,normal,,,,,,"[2.913971349434107, -1.129344555518769, 0.6525731683280631, -1.229700416245892]"
traveler (traveler.668),668,375.0,1.9465471648864505,0,0.2454466856741533,1.2854744495690773,1.6114324767193056,4.231904622575473,SAV (sav.2),,,,False,0,-0.6746954188061696,-0.9109383999878848,normal,,,,,,"[1.4628919018722062, 0.34998610052391343, -0.3667411101046329, -0.43231041318347646]"
traveler (traveler.661),661,367.5,0.7352537911022199,,,,2.658142464796585,1.781954668451742,SAV (sav.1),1,5.310679740362209,1.0,False,,,,,2.658142464796585,1.781954668451742,,,,
traveler (traveler.663),663,367.5,0.9288138656361256,,,,2.8781667756107048,3.3483425527592763,SAV (sav.1),2,11.28168873097341,1.906018947373206,False,,,,,2.8781667756107048,3.3483425527592763,382.70066909920183,"[2.0, 5.310679740362209, 11.28168873097341, 15.200669099201834]","[1.039805883162994, 3.276759928938035, 4.590301094640825]",
traveler (traveler.669),669,375.0,0.8760583303006891,0,7.700669099201832,1.2854744495690773,1.639570826687487,2.6647417245326057,SAV (sav.1),,,,False,0,-0.01748654516686088,0.7295397577715896,normal,,,,,,"[2.4180723742407344, 0.9791828958684037, -0.5216884852421828, 0.4926116924126615]"
traveler (traveler.670),670,375.0,0.8870032967686533,0,7.700669099201832,1.2854744495690773,1.8513283544474342,3.1049792928147095,SAV (sav.1),,,,False,0,-0.3809231309720351,0.36610317196641606,normal,,,,,,"[2.0616424567396536, -0.4520522273882557, -0.289334420336181, 0.10264487567795368]"
traveler (traveler.660),660,367.5,0.877794675781873,,,,1.6242968660214143,2.5605600030637934,SAV (sav.3),1,5.758642523265819,1.0,False,,,,,1.6242968660214143,2.5605600030637934,,,,
traveler (traveler.654),654,367.5,1.125503772191155,,,,3.4450415313439327,3.111273461923249,SAV (sav.3),2,12.736706498297693,1.9483674967968958,False,,,,,3.4450415313439327,3.111273461923249,384.7738236074862,"[2.0, 5.758642523265819, 12.736706498297693, 17.273823607486158]","[1.2413891354696187, 3.9315179242339617, 5.523220623368772]",
traveler (traveler.671),671,375.0,0.9811258230648445,0,9.773823607486179,1.2854744495690773,3.2685405877947424,3.109879697642724,SAV (sav.3),,,,False,0,3.8537352292080373,4.874189880244111,normal,,,,,,"[6.629983833099794, 1.2363133674323643, -0.5054752571712612, 0.6786322801829598]"
traveler (traveler.672),672,382.5,1.6241833255838336,2,,,4.121023929987365,2.398743427310232,,,,,,2,,,,,,,,,"[-1.8795996195028621, 0.3438614243781088, 2.068471406372776, -0.7309499654859594]"
traveler (traveler.673),673,382.5,2.654017373048046,0,2.273823607486179,1.2854744495690773,0.451846497126146,4.187861204337137,SAV (sav.3),,,,False,0,0.6434151676602982,0.6746948186963717,normal,,,,,,"[3.5014282060181636, 0.9263488876404059, -1.3645890009238963, 4.438158555411697]"
traveler (traveler.674),674,382.5,0.8286972600034098,1,,,1.672920923652702,2.4482375598946535,,,,,,1,,,,,,,,,"[-1.1801636557587851, 1.495311481113496, -1.2159550083217103, 0.24025697419641331]"
traveler (traveler.675),675,382.5,0.7500389735387317,1,,,2.9112398743478254,1.8727518612435594,,,,,,1,,,,,,,,,"[-2.3617080617793405, 2.1583625467706633, 0.6722426201463377, 1.8979893682342446]"
traveler (traveler.676),676,382.5,0.3789221634999614,4,,,2.6204294439592672,2.1407246807542255,,,,,,4,,,,,,,,,"[0.689025848217387, 0.4856866430571745, 0.7344641741296958, 0.13488996743192097]"
traveler (traveler.677),677,382.5,0.7110573889564541,3,,,3.0951409741821214,2.8891141622186547,,,,,,3,,,,,,,,,"[0.03528948662385371, -1.160945383876041, -0.8825226405189236, 0.6191959822630781]"
traveler (traveler.678),678,382.5,0.18464499886309893,4,,,2.3213918408826224,2.5468284219449613,,,,,,4,,,,,,,,,"[-2.5110495751614255, -0.46358850363046306, -0.0979357406495598, 2.6412693763429544]"
traveler (traveler.679),679,382.5,0.6407317849135168,4,,,2.4164356419793984,1.8647408259087745,,,,,,4,,,,,,,,,"[-2.4681093132850354, -1.079391901032288, -0.31873008266780223, 1.5037795666537226]"
traveler (traveler.680),680,382.5,0.6573959396203275,4,,,3.013355273790667,2.910652875675555,,,,,,4,,,,,,,,,"[-0.8472948139819464, 2.5630705012679433, 3.7281895932341675, 2.048189486281758]"
traveler (traveler.681),681,382.5,0.49954560129069664,4,,,2.9976473278272606,2.4564920136610455,,,,,,4,,,,,,,,,"[5.455973647567838, -0.025471431414458547, -0.66692969609226, -0.09693936379537066]"
traveler (traveler.639),639,352.5,0.7103258484258795,,,,2.118349462991989,2.118349462991989,SAV (sav.0),1,5.232338774551232,1.0,False,,,,,2.118349462991989,1.9009126286229674,,,,
traveler (traveler.631),631,345.0,0.7263656904711044,,,,2.0757318093657293,2.0757318093657293,SAV (sav.0),2,9.970357598000785,1.8873433354637084,False,,,,,2.0757318093657293,3.0895791878191483,,,,
traveler (traveler.635),635,352.5,2.3196386065333074,,,,4.7464603063167425,4.7464603063167425,SAV (sav.0),3,19.363725747475073,1.881814841150188,False,,,,,4.7464603063167425,3.0780478847492403,,,,
traveler (traveler.636),636,352.5,3.2207292272447625,,,,4.68342780277273,4.68342780277273,SAV (sav.0),4,25.991372334040673,1.9807816729460959,False,,,,,4.68342780277273,4.867644353636688,390.99638377227024,"[2.0, 5.232338774551232, 9.970357598000785, 19.363725747475073, 25.991372334040673, 37.11314778715392]","[1.0045524485480544, 2.686660919100353, 6.463676586363784, 8.996117550318303, 13.550916504219265]",
traveler (traveler.669),669,375.0,0.8760583303006891,,,,1.639570826687487,1.639570826687487,SAV (sav.1),1,5.753185715869252,1.0,False,,,,,1.639570826687487,2.6647417245326057,,,,
traveler (traveler.670),670,375.0,0.8870032967686533,,,,1.8513283544474342,1.8513283544474342,SAV (sav.1),2,8.288451381028459,1.432109431794884,False,,,,,1.8513283544474342,3.1049792928147095,394.77670290725223,"[2.0, 5.753185715869252, 8.288451381028459, 12.076033808050408]","[1.2389335721411632, 1.9298031214628057, 3.1842152136226827]",
traveler (traveler.666),666,375.0,1.5898430257958898,,,,1.0061352924686489,1.0061352924686489,SAV (sav.2),1,7.9963945980551685,1.0,False,,,,,1.0061352924686489,1.9559695943569866,,,,
traveler (traveler.667),667,375.0,1.617768006614083,,,,1.8603112239636188,1.8603112239636188,SAV (sav.2),2,15.917704261081408,1.9690005385460763,False,,,,,1.8603112239636188,3.9859244910281206,,,,
traveler (traveler.668),668,375.0,1.9465471648864505,,,,1.6114324767193056,1.6114324767193056,SAV (sav.2),3,18.0174095232602,1.9761548896217795,False,,,,,1.6114324767193056,4.231904622575473,400.3802637653373,"[2.0, 7.9963945980551685, 15.917704261081408, 18.0174095232602, 25.134817079663122]","[2.248377569124826, 5.3629669174866335, 5.857834285467089, 8.610667685848405]",
traveler (traveler.671),671,375.0,0.9811258230648445,,,,3.2685405877947424,3.2685405877947424,SAV (sav.3),1,6.083380989717265,1.0,False,,,,,3.2685405877947424,3.109879697642724,,,,
traveler (traveler.673),673,382.5,2.654017373048046,,,,0.451846497126146,0.451846497126146,SAV (sav.3),2,16.561522042639346,1.4603522723423599,False,,,,,0.451846497126146,4.187861204337137,410.6761175695441,"[2.0, 6.083380989717265, 16.561522042639346, 25.902293962057925]","[1.387521445372769, 5.652684919187706, 9.406032282926066]",
