traveler,traveler ID,requested time,distance,mode choice,waiting time,devFact_offer,x_coord_desti,y_coord_desti,vehicle,drop_in_sequence,inVehTime,devFact,walking time,interest,utility choice,utility interest,value tt,x_coord_stoploc,y_coord_stoploc,return time,route time,route distance,stoch parts
traveler (traveler.0),0,30,2.9036018187115484,1,,,0.827833708772715,4.873765661582499,,,,,,1,,,,,,,,,"[0.5772065393636686, 1.156041344458192, 1.4676522158404426, 2.5127631572971953]"
traveler (traveler.1),1,30,2.627742620116109,0,0,1.2178345881673918,0.33070518689271744,3.9829670567482323,SAV (sav.4),,,,1.0615993147565947,0,-1.1303357138793395,-1.2184453944343667,normal,,,,,,"[1.4671388533059144, 0.7051659708282056, 0.10968033257905674, -0.8964241502260961]"
traveler (traveler.2),2,30,1.3048381347795317,1,,,3.8004824095485463,2.6065272755200954,,,,,,1,,,,,,,,,"[1.0150378849765378, 1.9947065639194854, 1.949840208596928, -0.005392232971901366]"
traveler (traveler.3),3,30,1.4647631883043064,0,0,1.2178345881673918,1.7276228401337783,3.7445741121879346,SAV (sav.4),,,,0.6292707521515938,0,-0.28868559874713773,-0.418264235027237,normal,,,,,,"[1.537632997059876, -0.5046096402720244, 0.9584631719435415, -0.8698621909924683]"
traveler (traveler.4),4,30,2.4376269246819815,3,,,2.5458765711042375,4.937195183845203,,,,,,3,,,,,,,,,"[-1.567506107751432, -1.2093304172515098, 0.12476331889559529, 3.024807423898932]"
traveler (traveler.5),5,30,0.5743883550182701,4,,,3.016747039279016,2.7507877185528935,,,,,,4,,,,,,,,,"[1.391060255611327, 2.0469575711100143, -0.7718264136445342, 2.079625438982112]"
traveler (traveler.6),6,30,0.8957305803847753,1,,,2.1785488998424603,3.336063671525054,,,,,,1,,,,,,,,,"[0.3519674688202703, 0.9780111451109993, -0.7603253819038883, 1.194674749916902]"
traveler (traveler.7),7,30,0.3165160677832844,4,,,2.5260737260661514,2.1845597014108376,,,,,,4,,,,,,,,,"[-0.42605035538894237, 0.9136602961446476, -0.17335892047178655, 0.5623343736200273]"
traveler (traveler.8),8,30,0.9659232635430788,0,0,1.2178345881673918,1.6538899519072248,2.0340541473838902,SAV (sav.4),,,,0.9656080207740905,0,2.5575381884322814,2.460221022958452,normal,,,,,,"[4.103131622581566, -0.9763809145522183, 1.12891572321359, 0.647099599009765]"
traveler (traveler.9),9,30,0.31120952103491006,4,,,2.512510667462024,2.1890420459572826,,,,,,4,,,,,,,,,"[-1.281052488497391, -0.6732854052278647, 0.33124947294658463, -0.31781068516327704]"
traveler (traveler.10),10,30,0.6540870838488615,4,,,1.929315448549706,2.8196076594731174,,,,,,4,,,,,,,,,"[-0.7241841516876746, 1.5751408893548153, 1.0488227030193515, 2.0835453802380353]"
traveler (traveler.11),11,37.5,1.5859878607470792,2,,,3.190216763173941,3.927920976199588,,,,,,2,,,,,,,,,"[1.0461434193801191, 0.5073394694104404, 2.3081678565664943, 2.0376125568480186]"
traveler (traveler.12),12,37.5,2.4023836755673553,0,0.0,1.2178345881673918,1.5905523954545886,4.723589975516873,SAV (sav.3),,,,1.343531976667701,0,-0.9143343941804971,-0.9754010938050113,normal,,,,,,"[1.5687864179307944, -0.5480754057425454, -0.13520993343415819, -0.08026822862085997]"
traveler (traveler.13),13,37.5,1.1640637580464839,3,,,3.2322261935548453,1.5950750117996049,,,,,,3,,,,,,,,,"[1.6883280995390697, -0.4593224886071417, 4.018260569118662, 4.390497136591769]"
traveler (traveler.14),14,37.5,0.3905273611661674,4,,,2.6474495696946874,2.861621686595621,,,,,,4,,,,,,,,,"[4.708572323700955, -0.13014297604148406, 1.8955401554060094, 1.089656729370213]"
traveler (traveler.15),15,37.5,0.9768636178443345,1,,,2.95997415600902,1.6382075054447784,,,,,,1,,,,,,,,,"[1.191489551958892, 4.368632487164153, 1.215156307341401, 0.10093995549919714]"
traveler (traveler.16),16,37.5,0.9177648572689581,1,,,2.254943347131015,3.38444308472765,,,,,,1,,,,,,,,,"[0.1729540759714133, 0.8124938820609638, -0.9180231372871397, -1.643161562226056]"
traveler (traveler.17),17,37.5,0.4817632884856971,4,,,2.6060194168106903,2.969952922527006,,,,,,4,,,,,,,,,"[-1.1033917734536745, 0.8046867642040089, -0.46967212173826006, 1.1184582460234742]"
traveler (traveler.18),18,37.5,0.9753156011951013,1,,,3.4619837499195314,2.3392897426256853,,,,,,1,,,,,,,,,"[-2.386402028593978, 1.458305574371886, 1.3002423237029064, 0.28975854459278516]"
traveler (traveler.19),19,37.5,0.9977601677042824,3,,,3.4874970053784047,2.3572589175256096,,,,,,3,,,,,,,,,"[-0.297135045101838, -0.6071551771054855, -0.7127999524259054, 1.721450685076888]"
traveler (traveler.20),20,37.5,0.38007376214446786,4,,,2.2541186167646536,2.7898247919846098,,,,,,4,,,,,,,,,"[0.9882374266090621, -0.3125840199910751, 0.3159580336207937, -0.29958174491005846]"
traveler (traveler.21),21,45.0,2.090149068609003,2,,,2.790628586765938,4.569844958822162,,,,,,2,,,,,,,,,"[-0.49269309913019427, 1.3771913608490105, 2.7747443346595544, -1.2554977976746733]"
traveler (traveler.22),22,45.0,1.5624962749035978,0,0.0,1.2178345881673918,1.728623054694975,3.858812797017863,SAV (sav.2),,,,0.6018768584495634,0,0.30371574614506147,0.17150948758106344,normal,,,,,,"[2.1887272919332497, -0.47979266022245, 2.5535496669638045, 0.54663170962742]"
traveler (traveler.23),23,45.0,2.3672794443128677,0,0.0,1.2178345881673918,1.2803635654950192,4.52891570428498,SAV (sav.2),,,,0.41943519412244495,0,2.5245561770268603,2.3748501140206053,normal,,,,,,"[4.89701221323387, 0.13319685840265963, 0.08787133400190109, 0.29021465988668727]"
traveler (traveler.24),24,45.0,0.12875804832318052,4,,,2.401807313650192,2.416712357726955,,,,,,4,,,,,,,,,"[0.5669886954996998, 2.4432956433451527, 0.07865144277604187, 1.093407042999013]"
traveler (traveler.25),25,45.0,0.6140792636885188,4,,,2.9548650430775227,2.087457717708455,,,,,,4,,,,,,,,,"[2.065763615791064, 1.4762204239899606, -0.21134848028610595, -0.8366280837048131]"
traveler (traveler.26),26,45.0,0.8282559653580343,1,,,1.7390661765342577,2.8270896825902274,,,,,,1,,,,,,,,,"[-1.0119980117366933, 0.40392668601993975, -0.5748016701695879, 0.5434609229277911]"
traveler (traveler.27),27,45.0,0.5775317528727228,4,,,1.9335817923916896,2.612753446359873,,,,,,4,,,,,,,,,"[-1.6454817008576912, 0.23946595569638604, -0.020778035112476955, 1.2184295649048729]"
traveler (traveler.28),28,45.0,0.7043287227602226,1,,,2.88399252651322,3.090447871777891,,,,,,1,,,,,,,,,"[-0.9125351251458796, 0.5790387694885497, 0.11675670555220208, -0.14013736819458716]"
traveler (traveler.29),29,45.0,0.9214280445684738,0,0.0,1.2178345881673918,2.882012726305228,3.3385081503826473,SAV (sav.2),,,,0.5100239515594384,0,-1.006411797415043,-1.147428586807942,normal,,,,,,"[0.46756442230900785, -1.2010174824226505, -0.09579235356470421, -0.31838396245983724]"
traveler (traveler.30),30,52.5,0.6816212721796663,4,,,2.5461547014207757,1.8199431625043494,,,,,,4,,,,,,,,,"[1.6038083162010421, 1.0786529760849188, 0.22277706472706868, 0.2349373426103361]"
traveler (traveler.31),31,52.5,0.9622938483208434,2,,,3.223184122724652,1.8651660255191804,,,,,,2,,,,,,,,,"[0.24193704185810364, 1.031985097647372, 3.0359418471340147, 2.6034956755841647]"
traveler (traveler.32),32,52.5,0.6844619413994935,4,,,2.1404966186952663,1.9175521756802358,,,,,,4,,,,,,,,,"[4.718880087428545, 1.6722906072068138, 1.74224963819475, 0.780999482350575]"
traveler (traveler.33),33,52.5,0.8813843388144151,3,,,2.122635192232817,1.7034862496063483,,,,,,3,,,,,,,,,"[0.04296126258842622, -1.705428666718882, 0.03339873606120169, 2.188539369223924]"
traveler (traveler.34),34,52.5,0.9740845327381786,2,,,1.6670654790836648,3.00503540547731,,,,,,2,,,,,,,,,"[0.880114305261578, 1.2353018514376757, 1.8657057098276788, -0.7166204544509237]"
traveler (traveler.35),35,52.5,0.819755934390988,0,0.0,1.2178345881673918,1.720737130337602,2.754458585893199,SAV (sav.1),,,,0.6992784323186914,0,1.1681521560596404,1.045288656461169,normal,,,,,,"[2.596489635709636, -0.06838363234779105, 2.2197005072931995, -0.3410939790480591]"
traveler (traveler.8),8,30,0.9659232635430788,,,,1.6538899519072248,2.0340541473838902,SAV (sav.4),1,5.810913475705226,1.0,0.9656080207740905,,,,,1.7,2.1,,,,
traveler (traveler.3),3,30,1.4647631883043064,,,,1.7276228401337783,3.7445741121879346,SAV (sav.4),2,11.839228364142897,1.571760825933449,0.6292707521515938,,,,,1.7,3.7,,,,
traveler (traveler.1),1,30,2.627742620116109,,,,0.33070518689271744,3.9829670567482323,SAV (sav.4),3,16.662484038384065,1.5612832282072355,1.0615993147565947,,,,,0.2999999999999998,3.9000000000000004,55.334784705776094,"[2.0, 5.810913475705226, 11.839228364142897, 16.662484038384065, 25.334784705776094]","[1.2649110640673518, 3.527652763864304, 5.527652763864305, 9.21547054678146]",
traveler (traveler.36),36,60.0,0.7779204030952163,0,0.0,1.2178345881673918,3.17080012128309,2.8939382576475854,SAV (sav.4),,,,0.8527097236122106,0,5.675727794189493,5.567581424051896,normal,,,,,,"[7.092533577960505, 1.226538020507449, 0.7470113995759685, 1.4330037524910495]"
traveler (traveler.37),37,60.0,0.9112057879955459,0,0.0,1.2178345881673918,2.8134428592104634,1.6444010506747024,SAV (sav.4),,,,1.2345067749648344,0,1.9137754144220382,1.842251017450185,normal,,,,,,"[3.4508302864029425, -0.33484870764094954, -0.048343439695227385, 1.967009446536516]"
traveler (traveler.38),38,60.0,0.9645411707072105,3,,,2.19677470431842,3.415638624156962,,,,,,3,,,,,,,,,"[0.45966461734749636, 0.6998412611536974, -0.23490815315999755, 3.2380798152077928]"
traveler (traveler.39),39,60.0,0.5889125142256575,4,,,1.9204495015620147,2.6045904831802016,,,,,,4,,,,,,,,,"[-0.33870576843379013, 0.5998500290743564, 1.440081550250941, 0.6868313193566653]"
traveler (traveler.40),40,60.0,0.9805357800503895,2,,,3.2844321580233737,1.9116832439766664,,,,,,2,,,,,,,,,"[0.4581203875884892, 0.002987266040293735, 3.393760835146622, -1.595402319396903]"
traveler (traveler.41),41,60.0,0.5664405847002333,4,,,3.0109634634911275,2.744481645471993,,,,,,4,,,,,,,,,"[0.12049515659790021, 2.2261247043585293, 0.07048962226860621, 1.34645083201405]"
traveler (traveler.12),12,37.5,2.4023836755673553,,,,1.5905523954545886,4.723589975516873,SAV (sav.3),1,10.35686460322082,1,1.343531976667701,,,,,1.7,4.7,55.21372920644164,"[2, 10.35686460322082, 17.71372920644164]","[3.3105890714493698, 6.6211781428987395]",
traveler (traveler.42),42,60.0,0.8075516412755827,0,0.0,1.2178345881673918,3.151525289682403,2.022868518926755,SAV (sav.3),,,,1.1131008051002123,0,0.6821047893055128,0.5989351317042448,normal,,,,,,"[2.142478783593394, -1.1916951742714281, -1.2241104568397858, -0.9526533798122112]"
traveler (traveler.43),43,60.0,0.4689426603088021,4,,,2.0371392415800553,2.4247196109706506,,,,,,4,,,,,,,,,"[-0.2475630868213444, -1.47846550774051, 0.25211789294782944, 0.6258380552572187]"
traveler (traveler.44),44,60.0,0.9304242580991315,1,,,3.2969261659233737,2.980206191261619,,,,,,1,,,,,,,,,"[-1.0198374839890016, 6.681158966057916, 2.126401950311104, -1.1468838941122534]"
traveler (traveler.45),45,60.0,0.6461748072043904,4,,,2.6745843426915563,3.122143222057902,,,,,,4,,,,,,,,,"[0.010398737515202495, 0.6745171981704005, 0.567113818249478, 4.7167204685013635]"
traveler (traveler.46),46,67.5,2.5829575970048095,1,,,3.1825921377694426,0.008868144521410048,,,,,,1,,,,,,,,,"[0.7119044988835485, 2.498359435863572, -0.04615240034942298, 1.7051198635402447]"
traveler (traveler.35),35,52.5,0.819755934390988,,,,1.720737130337602,2.754458585893199,SAV (sav.1),1,4.987615979999814,1,0.6992784323186914,,,,,1.7,2.7,59.475231959999626,"[2, 4.987615979999814, 6.975231959999627]","[1.1661903789690604, 2.332380757938121]",
traveler (traveler.47),47,67.5,2.849199500018937,0,0.0,1.2178345881673918,4.981199183389023,1.0994328280093786,SAV (sav.1),,,,0.9744139703760413,0,-0.7847376826183576,-0.8812101814063684,normal,,,,,,"[1.9433225338406936, 1.2945283438022173, 1.5716840522366633, 0.544598026898143]"
traveler (traveler.48),48,67.5,3.096585971291294,1,,,4.742038008902442,4.635909699457077,,,,,,1,,,,,,,,,"[-0.2327694013975044, 1.7300859222388834, 0.4314609531336268, -1.290727961463198]"
traveler (traveler.49),49,67.5,1.2065391162289238,0,0.0,1.2178345881673918,1.2939625152672984,2.46521172021943,SAV (sav.1),,,,0.4236995291552619,0,-0.13999060346773096,-0.2892876314576387,normal,,,,,,"[1.504592330703255, -0.6006818427095041, 1.1483097056246045, 1.5777279414423286]"
traveler (traveler.50),50,67.5,2.157240864287762,0,0.0,1.2178345881673918,0.5339100593308355,1.6122058280476654,SAV (sav.0),,,,1.1293848150107333,0,0.9692213262682055,0.8876136308975542,normal,,,,,,"[3.2779914350164674, 1.948599644638712, 2.05145578710179, 1.728713164409233]"
traveler (traveler.51),51,67.5,0.7591517339454791,0,0.0,1.2178345881673918,2.5682514884858825,1.7439225638389353,SAV (sav.0),,,,0.9739578278551086,0,0.40410452091054094,0.3075882689319227,normal,,,,,,"[1.8207644156257536, -0.8874382209893523, -0.6459159297240953, 1.5582805535831745]"
traveler (traveler.52),52,67.5,0.853688513383429,1,,,3.345747448832322,2.3838305949209158,,,,,,1,,,,,,,,,"[4.153344159630112, 5.24592663312229, 0.3167900794559185, 0.8563525983688525]"
traveler (traveler.53),53,67.5,0.6083637915921837,4,,,2.613603987070902,1.9023373551559273,,,,,,4,,,,,,,,,"[1.5004916604526575, -1.475618724604228, 1.6258252986070365, -0.4249058386860557]"
traveler (traveler.36),36,60.0,0.7779204030952163,,,,3.17080012128309,2.8939382576475854,SAV (sav.4),1,5.5915341754867995,1.0,0.8527097236122106,,,,,3.1,2.9,,,,
traveler (traveler.37),37,60.0,0.9112057879955459,,,,2.8134428592104634,1.6444010506747024,SAV (sav.4),2,9.976322222537426,1.716825119535389,1.2345067749648344,,,,,2.9,1.7,73.78723569824265,"[2.0, 5.5915341754867995, 9.976322222537426, 13.787235698242652]","[1.019803902718557, 2.7402689561270823, 4.005180020194434]",
traveler (traveler.54),54,75.0,1.2636980000008826,0,0.0,1.2178345881673918,2.1010357766160794,3.6990663800081696,SAV (sav.4),,,,0.016733351314336592,0,1.6804618225005499,1.4921285987321409,normal,,,,,,"[3.321871701871074, -0.46053796040496964, 0.7579106177495046, 2.4525206853991426]"
traveler (traveler.55),55,75.0,1.4277667249628008,2,,,1.1916352367694816,1.9284236995398145,,,,,,2,,,,,,,,,"[3.7740173562935673, -0.15403388416801628, 4.648624471726104, 0.5458139396460838]"
traveler (traveler.56),56,75.0,1.4951828870453103,1,,,2.263991273100258,1.0235611267172922,,,,,,1,,,,,,,,,"[1.2628427221918734, 2.526399033428734, 2.3551977112482922, 0.041117135394044727]"
traveler (traveler.57),57,75.0,2.147592269166954,1,,,4.495340953866652,3.2942084313378865,,,,,,1,,,,,,,,,"[1.653117456066108, 2.508169083571793, -0.02603581608019698, 0.5563908442706754]"
traveler (traveler.58),58,75.0,2.0842178525840747,0,0.0,1.2178345881673918,2.6310218199466746,0.4199044878352265,SAV (sav.4),,,,1.6599550824692733,0,-0.006495660195298125,-0.03721105551132586,normal,,,,,,"[2.307349993790987, -0.7829651145129922, 2.659515784744243, -0.7259758149943767]"
traveler (traveler.42),42,60.0,0.8075516412755827,,,,3.151525289682403,2.022868518926755,SAV (sav.3),1,6.142696805273545,1,1.1131008051002123,,,,,3.1,2.1,69.28539361054709,"[2, 6.142696805273545, 9.28539361054709]","[1.019803902718557, 2.039607805437114]",
traveler (traveler.59),59,75.0,2.379131988491377,0,0.0,1.2178345881673918,0.45046485263194824,1.291830020913468,SAV (sav.3),,,,0.6024525136133567,0,0.9794609410414781,0.8473098993207908,normal,,,,,,"[3.3769086284115413, 0.4204840473327967, 1.2903646282548926, 0.16146701588590498]"
traveler (traveler.60),60,75.0,0.24134354860792498,4,,,2.3704967111545816,2.7036556079092495,,,,,,4,,,,,,,,,"[-0.3760198560497806, 2.630504093339211, -1.0544006081220603, 0.4331215456767602]"
traveler (traveler.61),61,75.0,0.8842416223613102,0,0.0,1.2178345881673918,1.7018021767754268,2.11952203517718,SAV (sav.3),,,,0.2352605121919275,0,3.42378493268026,3.2564128341832292,normal,,,,,,"[4.8480740038016155, 3.419156726816329, -0.19609503934377845, -0.11801140041776464]"
traveler (traveler.62),62,75.0,0.9673395299755908,0,0.0,1.2178345881673918,1.5394888374546531,2.6147347936729894,SAV (sav.3),,,,1.4560822529751885,0,0.9603188756586925,0.9100479985375924,normal,,,,,,"[2.553847204784557, 1.4400505485175477, -0.005552971841858349, -0.7282791980835466]"
traveler (traveler.63),63,75.0,0.6922646571811626,4,,,2.812670051343901,3.1176307914723447,,,,,,4,,,,,,,,,"[-0.4510210114329094, 2.4892905965069363, 3.8866289532014564, -0.9457935417330647]"
traveler (traveler.64),64,75.0,0.9821410479704397,1,,,3.114430369723226,3.2662090829990555,,,,,,1,,,,,,,,,"[-0.11107893286554552, 3.3574450514896625, 1.6551667988151821, 0.15006602946485062]"
traveler (traveler.65),65,75.0,0.3102907478085103,4,,,2.7313815007671094,2.293256319858805,,,,,,4,,,,,,,,,"[-0.5210395390097592, -0.4938210297723857, 0.8802451558950876, -0.23285253833408376]"
traveler (traveler.66),66,75.0,0.8574396929467477,3,,,2.1951854801665505,3.3014305556561445,,,,,,3,,,,,,,,,"[0.049549172400366055, 0.3186244035044346, 1.5351124114135994, 2.3640105620660354]"
traveler (traveler.67),67,75.0,0.8391661413325938,3,,,2.7429694018985114,3.303222063006311,,,,,,3,,,,,,,,,"[-0.9058014392104781, 1.1667288494812156, -0.5032882784853834, 2.4972480517017814]"
traveler (traveler.29),29,45.0,0.9214280445684738,,,,2.882012726305228,3.3385081503826473,SAV (sav.2),1,5.810913475705226,1.0,0.5100239515594384,,,,,2.9,3.3,,,,
traveler (traveler.22),22,45.0,1.5624962749035978,,,,1.728623054694975,3.858812797017863,SAV (sav.2),2,10.195701522755853,1.4128573259171984,0.6018768584495634,,,,,1.7,3.9000000000000004,,,,
traveler (traveler.23),23,45.0,2.3672794443128677,,,,1.2803635654950192,4.52891570428498,SAV (sav.2),3,14.338398328029397,1.3880393162389504,0.41943519412244495,,,,,1.2999999999999998,4.5,67.66836388468302,"[2.0, 5.810913475705226, 10.195701522755853, 14.338398328029397, 22.668363884683018]","[1.2649110640673515, 3.1622776601683795, 4.182081562886936, 7.480566063381065]",
traveler (traveler.68),68,82.5,1.2400130621755994,0,0.0,1.2178345881673918,1.318398403200286,2.8760984722203387,SAV (sav.2),,,,0.36195156437733444,0,2.8195520961490126,2.6643322033776062,normal,,,,,,"[4.479214689789434, -0.040427529411685294, -0.1435938792316266, -1.0657815147020202]"
traveler (traveler.69),69,82.5,0.4969189842248538,4,,,2.0265971514501713,2.6510570086688086,,,,,,4,,,,,,,,,"[1.4653045846528896, -0.17263070463605829, 1.0702423644957848, 0.6772196010966588]"
traveler (traveler.70),70,82.5,0.7468340471821481,0,0.0,1.2178345881673918,1.7764849772086686,2.685167777503879,SAV (sav.2),,,,0.9349183413758879,0,-1.1148812448881202,-1.2151421644098255,normal,,,,,,"[0.29030550846217446, -0.5588317553970547, -0.5896630800768243, -0.713857290182183]"
traveler (traveler.71),71,82.5,0.35758591329109224,4,,,2.1501962318886916,2.574195749200035,,,,,,4,,,,,,,,,"[2.7542311301049476, 0.15791817864662852, -0.17892750795271553, 1.6237898701793796]"
traveler (traveler.72),72,82.5,0.9997118535560224,1,,,1.609421359057439,2.0458045856271565,,,,,,1,,,,,,,,,"[0.027948227154864756, 3.021233899699148, -0.24871656370079412, -0.20120252169526243]"
traveler (traveler.73),73,82.5,0.8922054116628306,1,,,1.8264565790704583,3.0851237106142353,,,,,,1,,,,,,,,,"[-1.6982609847141938, 0.8591453254388347, -0.6155296200704056, 0.7726568061392891]"
traveler (traveler.74),74,82.5,0.9410249146550831,0,0.0,1.2178345881673918,1.8628847717108747,1.8074596936757383,SAV (sav.2),,,,1.196469715052602,0,4.638552548342079,4.563379636583444,normal,,,,,,"[6.190668290196328, 0.9239323601696566, -0.8060742591669515, -0.8676356612206818]"
traveler (traveler.51),51,67.5,0.7591517339454791,,,,2.5682514884858825,1.7439225638389353,SAV (sav.0),1,5.514157444218836,1.0,0.9739578278551086,,,,,2.5,1.7,,,,
traveler (traveler.50),50,67.5,2.157240864287762,,,,0.5339100593308355,1.6122058280476654,SAV (sav.0),2,12.205823433048035,1.2887292111359216,1.1293848150107333,,,,,0.5,1.7,87.1770322235196,"[2.0, 5.514157444218836, 12.205823433048035, 19.677032223519607]","[1.1313708498984762, 3.9597979746446663, 7.00610721699023]",
traveler (traveler.75),75,82.5,0.9761088248830867,0,4.677032223519603,1.2178345881673918,2.9350696795743825,1.6262135204011883,SAV (sav.0),,,,0.9803586525211798,0,-1.4784707091551803,-0.9575192140718285,normal,,,,,,"[0.69178210206238, -0.03479105715575714, -0.5454514163866595, -0.06288800100286111]"
traveler (traveler.76),76,82.5,0.9475247083049649,1,,,1.7987755959005456,1.862750121268137,,,,,,1,,,,,,,,,"[-0.9521996670127263, 2.908598271640782, 0.42449614328187374, -0.3680906559508589]"
traveler (traveler.77),77,82.5,0.8552562215484404,1,,,1.6749991600278116,2.2745297834690836,,,,,,1,,,,,,,,,"[-1.7898351163560688, 0.7779367005089078, -1.130056037143433, 1.1589966855168197]"
traveler (traveler.78),78,90.0,1.6274458326133192,1,,,4.111130767747545,2.72986428019087,,,,,,1,,,,,,,,,"[-0.45919746924640703, 0.801452441616738, 0.32049899888127326, -0.20229991300358557]"
traveler (traveler.79),79,90.0,2.321128985147039,1,6.506997780173222,1.2178345881673918,0.44049921465092123,3.570558863788559,,,,,1.1075744341332996,0,-3.582961889424243,-3.387052860852696,normal,,,,,,"[-0.8938468978346125, -1.018130457830106, -0.6617850479930961, -0.8203621141734596]"
traveler (traveler.80),80,90.0,1.3820992176864701,3,6.506997780173222,1.2178345881673918,1.1269636562451972,2.6580172340537436,,,,,0.5987496645706418,0,3.714045652449617,4.19266343012864,normal,,,,,,"[6.0966948902405775, 0.009547975215021825, 0.1171502969962903, 6.456427262280094]"
traveler (traveler.75),75,82.5,0.9761088248830867,,,,2.9350696795743825,1.6262135204011883,SAV (sav.0),1,5.664982778326809,1,0.9803586525211798,,,,,2.9,1.7,96.50699778017322,"[1, 5.664982778326809, 9.329965556653619]","[1.2649110640673518, 2.5298221281347035]",
traveler (traveler.81),81,90.0,2.147834272490242,0,6.506997780173222,1.2178345881673918,4.456594652858614,3.3859624295018187,SAV (sav.0),,,,1.155592115008575,0,-0.5533047895296064,0.22580925654258266,normal,,,,,,"[2.6102850922272753, 0.881773617006601, 0.6708689403305956, -0.066724824115722]"
traveler (traveler.82),82,90.0,2.4684672669913925,0,6.506997780173222,1.2178345881673918,2.2539234379203608,4.956171202054739,SAV (sav.0),,,,1.8123485502435477,0,2.547162753569688,3.389272876909615,normal,,,,,,"[5.9749231499727875, 0.6987492550014527, -0.8870924000250872, 0.13052934488606566]"
traveler (traveler.83),83,90.0,1.8517553940950604,1,,,2.696411506723908,4.341309468716923,,,,,,1,,,,,,,,,"[0.19269783052724554, 2.5942993987770695, 0.06992818173385451, 2.653903718154775]"
traveler (traveler.84),84,90.0,1.0877742625973679,2,,,3.540993305624906,2.1844278465812,,,,,,2,,,,,,,,,"[-0.12035498886456303, -1.131806675904688, 1.0605676287293733, 0.6610970054420336]"
traveler (traveler.85),85,90.0,2.9568653389335213,1,,,4.702868197029771,0.5275841363694989,,,,,,1,,,,,,,,,"[-0.7945525187801428, 0.5981651628699886, 0.7279989238044402, 0.32936018465183914]"
traveler (traveler.74),74,82.5,0.9410249146550831,,,,1.8628847717108747,1.8074596936757383,SAV (sav.2),1,5.666666666666667,1.0,1.196469715052602,,,,,1.9,1.9,,,,
traveler (traveler.70),70,82.5,0.7468340471821481,,,,1.7764849772086686,2.685167777503879,SAV (sav.2),2,9.258200842153467,1.6557532425968664,0.9349183413758879,,,,,1.7,2.7,,,,
traveler (traveler.68),68,82.5,1.2400130621755994,,,,1.318398403200286,2.8760984722203387,SAV (sav.2),3,10.886740203208177,1.754529441200203,0.36195156437733444,,,,,1.2999999999999998,2.9,97.59167467028728,"[2.0, 5.666666666666667, 9.258200842153467, 10.886740203208177, 15.09167467028728]","[1.2000000000000002, 2.366190378969061, 2.998645911002737, 4.787500293002569]",
traveler (traveler.86),86,90.0,0.8391532767348893,0,7.591674670287276,1.2178345881673918,1.7048212325303036,2.768083848115242,SAV (sav.2),,,,0.8190520561294261,0,2.599056042093901,3.488947200755544,normal,,,,,,"[5.052318635008941, -0.31393305631272955, -0.16225450904283753, 1.2289922818826857]"
traveler (traveler.87),87,90.0,0.8620189894489653,0,7.591674670287276,1.2178345881673918,1.9333532330286773,3.1496061727320352,SAV (sav.2),,,,1.8485742523531787,0,1.3475519763652657,2.336194904088691,normal,,,,,,"[3.9139129494813094, -0.5818285614954418, -0.47457908484887146, 0.09081521594777076]"
traveler (traveler.88),88,90.0,0.18867372736222723,4,,,2.425672792112507,2.673416382053154,,,,,,4,,,,,,,,,"[-0.4479911177723587, 0.4644380831284995, 0.5524216662350698, -1.394019711012981]"
traveler (traveler.89),89,90.0,0.381613670715782,4,,,2.7456448069586434,2.207959553329639,,,,,,4,,,,,,,,,"[-0.7733266035522547, -0.49755089536913055, -0.641809307489166, 1.6535822656413206]"
traveler (traveler.90),90,90.0,0.6109177135498548,4,,,2.204832135578098,1.9651202148691762,,,,,,4,,,,,,,,,"[5.793069411163839, 0.6755767288562674, 0.5241844278290048, 0.3304249895150664]"
traveler (traveler.91),91,90.0,0.4029579944355339,4,,,2.2809775368244436,2.161762944218083,,,,,,4,,,,,,,,,"[9.907361066212884, -0.6190696145281853, 0.7050039435372569, 2.036490225406819]"
traveler (traveler.61),61,75.0,0.8842416223613102,,,,1.7018021767754268,2.11952203517718,SAV (sav.3),1,5.810913475705226,1.0,0.2352605121919275,,,,,1.7,2.1,,,,
traveler (traveler.62),62,75.0,0.9673395299755908,,,,1.5394888374546531,2.6147347936729894,SAV (sav.3),2,8.216370213557838,1.3375835523094728,1.4560822529751885,,,,,1.5,2.5,,,,
traveler (traveler.59),59,75.0,2.379131988491377,,,,0.45046485263194824,1.291830020913468,SAV (sav.3),3,14.623270240489589,1.3702078582895705,0.6024525136133567,,,,,0.5,1.2999999999999998,98.29557090788163,"[2.0, 5.810913475705226, 8.216370213557838, 14.623270240489589, 23.29557090788162]","[1.2649110640673518, 1.8973665961010275, 4.106438799538481, 7.40492330003261]",
traveler (traveler.92),92,90.0,0.7220866923196533,0,8.295570907881626,1.2178345881673918,3.2012894079013194,2.672053356812805,SAV (sav.3),,,,1.2608887733080363,0,2.050674384009334,3.075783395359068,normal,,,,,,"[4.565703860250449, 1.9478709965400975, -0.5218328555492331, 2.592484261380798]"
traveler (traveler.93),93,90.0,0.5937061544436121,4,,,3.076241552045489,2.6429428960124577,,,,,,4,,,,,,,,,"[1.9513939547889194, 0.12202278777810366, 6.038464787702513, 0.8211059460545319]"
traveler (traveler.94),94,90.0,0.4800799719292437,4,,,2.2585983117118027,2.9149722934596856,,,,,,4,,,,,,,,,"[-2.2159881961501724, 0.08600523651328747, 2.0231490324376407, 1.173825619203755]"
traveler (traveler.95),95,90.0,0.9144760962807348,3,8.823143997061322,1.2178345881673918,2.0193061981164053,1.722053986770581,,,,,1.0038391261882735,0,-0.6327979046617374,-0.2702597911661633,normal,,,,,,"[1.3403713640260337, -0.35506977906133763, 0.7809260595132773, 1.5278875476262048]"
traveler (traveler.96),96,90.0,0.6208860186780737,4,,,1.885100763313467,2.4139861818529815,,,,,,4,,,,,,,,,"[-0.2629578562619582, -0.18331230360917186, -0.23678350523545835, -0.5887292936488192]"
traveler (traveler.97),97,90.0,0.8431718619371428,2,,,2.903521054351798,1.759655791231294,,,,,,2,,,,,,,,,"[-2.020440673428358, -0.05178553897680766, 1.2850143056322592, -1.1744213422711387]"
traveler (traveler.98),98,90.0,0.9597729904049018,2,,,3.3574639675438736,2.0688158891207995,,,,,,2,,,,,,,,,"[-0.6070318204582422, 0.4854298992237609, 2.179130098589641, -0.81005895496952]"
traveler (traveler.99),99,90.0,0.4978387724236878,4,,,2.3752626191170787,2.9819585346674478,,,,,,4,,,,,,,,,"[2.0518531725697557, -0.4413161766810169, 3.2688913852828003, 0.44218812196787327]"
traveler (traveler.100),100,90.0,0.9719589598044681,3,,,1.6453402429389539,2.0371167326371182,,,,,,3,,,,,,,,,"[-0.1370792048173897, -0.359184673657954, -0.5930386061057384, 0.47169895173718196]"
traveler (traveler.101),101,90.0,0.307461450939217,4,,,2.5779033160852647,2.2025716604683274,,,,,,4,,,,,,,,,"[2.673275722549567, 1.8765816501896544, -0.3871266264117044, -0.35157707380764824]"
traveler (traveler.49),49,67.5,1.2065391162289238,,,,1.2939625152672984,2.46521172021943,SAV (sav.1),1,6.771236166328254,1.0,0.4236995291552619,,,,,1.2999999999999998,2.5,,,,
traveler (traveler.47),47,67.5,2.849199500018937,,,,4.981199183389023,1.0994328280093786,SAV (sav.1),2,20.728907043762256,1.6459041639940166,0.9744139703760413,,,,,4.9,1.0999999999999999,98.82314399706132,"[2.0, 6.771236166328254, 20.728907043762256, 31.323143997061322]","[1.6970562748477145, 7.159656388346781, 11.089032929224484]",
traveler (traveler.102),102,90.0,0.7304166071085983,0,8.823143997061322,1.2178345881673918,1.8249534330336217,2.2210366469104885,SAV (sav.1),,,,1.3072400550852248,0,2.65497858225066,3.7541152232803725,normal,,,,,,"[5.249262118232964, -0.0646108366937624, -0.37991725809596555, -0.9656269679708951]"
traveler (traveler.103),103,90.0,0.8415523187254503,1,,,3.3309354358595655,2.6332539177099714,,,,,,1,,,,,,,,,"[-1.2065170528195504, 0.5197105795473967, -0.67871541853648, -1.6233610240668626]"
traveler (traveler.104),104,90.0,0.2058754137062116,4,,,2.6909834839168623,2.5768764908127406,,,,,,4,,,,,,,,,"[0.20595010257641178, -0.23452483767439733, -0.06610483487497665, -0.22054837587859033]"
traveler (traveler.105),105,90.0,0.7166034202587478,2,,,2.5855150059368706,1.7885172906625542,,,,,,2,,,,,,,,,"[-2.2903165677335173, -0.4026638399124116, 1.4048310056539222, 0.61096917057229]"
traveler (traveler.106),106,90.0,0.4638463684816124,4,,,2.9067791168530364,2.2771004628855334,,,,,,4,,,,,,,,,"[-1.1909123536469526, -1.3248361756490419, -0.0864845741181824, 0.680078233818465]"
traveler (traveler.107),107,90.0,0.31824259646527503,4,,,2.2142786815350135,2.6401487723085353,,,,,,4,,,,,,,,,"[1.7924710074251637, 0.13941922270262327, -0.6496135018656082, 0.7239532717933608]"
traveler (traveler.108),108,90.0,0.8663048182372651,2,8.823143997061322,1.2178345881673918,2.190006107227819,1.6910575888574946,,,,,1.0853909489073519,0,-0.27804273020609416,0.24710826221055227,normal,,,,,,"[1.8275153608508818, -0.8132983543016075, 1.6989454477815005, -1.0066407183246935]"
traveler (traveler.109),109,90.0,0.5266564760022412,4,,,2.611761135557981,3.014661531779761,,,,,,4,,,,,,,,,"[-0.53659718757105, -0.1298830289455696, -1.0693185757011403, -0.810567391911103]"
traveler (traveler.110),110,90.0,0.7735724353952714,0,8.295570907881626,1.2178345881673918,2.5229395865996693,3.2732322343061027,SAV (sav.3),,,,0.42302985658156955,0,-0.40962681709550086,0.5351147669618306,normal,,,,,,"[2.057338879867868, 0.8046208970250509, -0.8524315714040008, -0.041000826309644176]"
traveler (traveler.111),111,97.5,1.657222979105756,1,,,3.9890643940641057,3.2273755789182474,,,,,,1,,,,,,,,,"[0.14988257184484177, 0.9521554188325826, -0.7671656908816291, -0.9839049069895924]"
traveler (traveler.112),112,97.5,1.4076720922595294,3,,,2.263034712160234,3.887583572865194,,,,,,3,,,,,,,,,"[0.2582402813567924, 0.5691587708978494, -0.6348390981645473, 1.504844623266181]"
traveler (traveler.113),113,97.5,1.0543932828745413,1,,,3.1549026827663713,1.6736540245899652,,,,,,1,,,,,,,,,"[-1.6380947371757884, 0.8058055514805577, 1.0318963535052323, 1.3020457811208226]"
traveler (traveler.114),114,97.5,1.9213371378931743,1,,,4.408742924011727,2.7196288858112654,,,,,,1,,,,,,,,,"[0.6567934538596456, 2.671828132312685, -0.8997276051047323, -1.0139973233037742]"
traveler (traveler.115),115,97.5,1.980336314837911,1,,,0.5308428521799363,2.289876114982258,,,,,,1,,,,,,,,,"[-0.3884677528411228, 0.9595692989145029, 1.0974908480741052, -0.3981958646128857]"
traveler (traveler.116),116,97.5,0.2280347513043945,4,,,2.7205827828573943,2.4421805940073344,,,,,,4,,,,,,,,,"[0.35843688846168825, 0.8639093524500058, 0.48558631979235267, -1.1679235782712036]"
traveler (traveler.117),117,97.5,0.9997758209849089,0,1.3231439970613224,1.2178345881673918,2.8539918626076535,1.564991201413798,SAV (sav.1),,,,1.711593968757889,0,3.1576568662701625,3.3064041346993567,normal,,,,,,"[4.970554810403158, 1.9259352215700951, -0.5984110494417882, 2.3608545310635325]"
traveler (traveler.118),118,97.5,0.2739386719225052,4,,,2.2260662247454337,2.4983620899149486,,,,,,4,,,,,,,,,"[-0.7211880454881359, -0.03848776359162584, 0.5352232202819922, -0.6357779477896114]"
traveler (traveler.119),119,97.5,0.12007238910409573,4,,,2.5099834878124065,2.380343372117275,,,,,,4,,,,,,,,,"[-0.3244597882644823, 4.314165817423253, 1.5432519659482797, 1.2967540723917044]"
traveler (traveler.54),54,75.0,1.2636980000008826,,,,2.1010357766160794,3.6990663800081696,SAV (sav.4),1,6.204934467079102,1.0,0.016733351314336592,,,,,2.1,3.7,,,,
traveler (traveler.58),58,75.0,2.0842178525840747,,,,2.6310218199466746,0.4199044878352265,SAV (sav.4),2,17.339827134626994,1.7440205709913348,1.6599550824692733,,,,,2.7,0.2999999999999998,100.28227129098846,"[2.0, 6.204934467079102, 17.339827134626994, 25.282271290988465]","[1.788854381999832, 6.6714766282933144, 9.795576498655976]",
traveler (traveler.120),120,97.5,0.7356956045180986,0,2.7822712909884615,1.2178345881673918,3.1467984651016243,2.850570632040725,SAV (sav.4),,,,0.8168253548904277,0,3.3301530536352018,3.5855184154182798,normal,,,,,,"[5.0839775064080595, 1.7686563427763178, -0.047554267594706934, 0.6355574285196439]"
traveler (traveler.121),121,97.5,0.7151550498730589,0,2.7822712909884615,1.2178345881673918,2.241258121177954,1.8332921288130948,SAV (sav.4),,,,1.0666203497214457,0,0.16035881388024453,0.4396845115675134,normal,,,,,,"[1.9252558630076353, -0.06213511319940183, 1.5788338186421609, 0.7996414494525715]"
traveler (traveler.122),122,97.5,0.9102758259748274,0,0.7955709078816255,1.2178345881673918,3.4102676960015184,2.4961527970885817,SAV (sav.3),,,,1.3240174727881768,0,0.020691894560428414,0.06268121076429778,normal,,,,,,"[1.6706769945813709, -0.9595162283815215, 0.1510410509218381, 1.6128133343487547]"
traveler (traveler.123),123,97.5,0.3724215113504024,4,,,2.3414176184525832,2.836970934027354,,,,,,4,,,,,,,,,"[0.5594082190703267, 0.9036351189423015, 0.884546779444664, 1.908189919478813]"
traveler (traveler.124),124,97.5,0.9615526162286715,3,,,1.5696421560518417,2.742935621061089,,,,,,3,,,,,,,,,"[-1.9852941472454901, -0.1256341701641905, -1.1997801272559945, 0.6292053865559347]"
traveler (traveler.125),125,97.5,0.0631142957473766,4,,,2.4950746417359615,2.4370781820537726,,,,,,4,,,,,,,,,"[-0.9505230219346176, 0.6408477121151246, 1.3178817881442593, 1.2159279506363614]"
traveler (traveler.126),126,97.5,0.9248265414574889,1,,,2.3963030172509763,3.4189945960412222,,,,,,1,,,,,,,,,"[-0.37686499197893963, 1.0229931860139547, 0.022032303801873876, 0.6717585140521563]"
traveler (traveler.127),127,97.5,0.48621726168949553,4,,,2.959091679033032,2.6601313704664484,,,,,,4,,,,,,,,,"[-1.0484554932290953, -1.096565828107419, -0.09888590152504337, 1.8927967949754692]"
traveler (traveler.128),128,97.5,0.8139294698161071,0,0.09167467028727572,1.2178345881673918,1.710317247945858,2.69718603638018,SAV (sav.2),,,,0.12832932434138886,0,3.068900818348574,2.9033628525771085,normal,,,,,,"[4.4509081390152305, 0.4377455453660723, -1.1073686061710415, 1.1492276126351941]"
traveler (traveler.129),129,97.5,0.9453329404806999,2,,,3.3920809121397224,2.8128034759299316,,,,,,2,,,,,,,,,"[-0.3002022680858851, 1.1440585353074508, 1.9742698113521286, 1.6290585966554023]"
traveler (traveler.130),130,97.5,0.4270126228486492,4,,,2.0741725620936076,2.531792659501216,,,,,,4,,,,,,,,,"[-1.8337567187482233, 0.47097080364123506, 3.572562674349669, 0.6593869896120159]"
traveler (traveler.131),131,97.5,0.3655472927028655,4,,,2.1955011458967135,2.297749484420484,,,,,,4,,,,,,,,,"[-0.5752369194879917, 1.1820186779959487, 0.7075549015299849, 1.0300116051338302]"
traveler (traveler.132),132,105.0,2.4550098511735086,2,,,4.950188536406128,2.3462160430247403,,,,,,2,,,,,,,,,"[-1.6995348484234605, -0.31524956816367106, 1.322737808996772, 0.8334880593169557]"
traveler (traveler.133),133,105.0,1.2840954255139903,3,,,3.767790668641919,2.703980102780716,,,,,,3,,,,,,,,,"[-0.8381973500716771, 0.025905002103947437, -0.04552207671712626, 1.510329736781749]"
traveler (traveler.87),87,90.0,0.8620189894489653,,,,1.9333532330286773,3.1496061727320352,SAV (sav.2),1,6.142696805273545,1.0,1.8485742523531787,,,,,1.9,3.3,,,,
traveler (traveler.86),86,90.0,0.8391532767348893,,,,1.7048212325303036,2.768083848115242,SAV (sav.2),2,9.02831488843767,1.8101463554212944,0.8190520561294261,,,,,1.7,2.7,,,,
traveler (traveler.128),128,97.5,0.8139294698161071,,,,1.710317247945858,2.69718603638018,SAV (sav.2),3,10.65685424949238,1.9058909263600432,0.12832932434138886,,,,,1.7,2.7,111.84006309526646,"[2.0, 6.142696805273545, 9.02831488843767, 10.65685424949238, 14.248388424979181]","[1.414213562373095, 2.3086407533730107, 2.3086407533730107, 3.474831132342071]",
traveler (traveler.134),134,105.0,1.8364440572534482,0,6.8400630952664585,1.2178345881673918,4.246629186460677,3.0672858718716878,SAV (sav.2),,,,0.7511902156274776,0,0.8846953438140406,1.6689471441052413,normal,,,,,,"[3.858047730112687, 0.017100389559877874, 0.06896146762421197, 1.140240217434466]"
traveler (traveler.135),135,105.0,2.0782015724033607,1,,,4.570410009934171,2.3202107725580112,,,,,,1,,,,,,,,,"[0.10714674922282563, 0.5819232698369043, -0.9932396488073955, 0.5610570903998744]"
traveler (traveler.136),136,105.0,3.208957727357468,1,,,4.843098264482799,4.692555636453703,,,,,,1,,,,,,,,,"[0.09587388013093616, 0.31676357756935153, -0.8296472487066666, 1.7960985764412043]"
traveler (traveler.137),137,105.0,2.480745792058112,1,6.8400630952664585,1.2178345881673918,3.8813933444085578,0.4394534431763575,,,,,2.2947762538436085,0,-2.4352089668256838,-2.110328637530339,normal,,,,,,"[0.4830255381707322, 0.22804172712717213, -1.2188664926711952, 1.4866107721134065]"
traveler (traveler.138),138,105.0,1.2337350270184835,2,,,1.4317015831578028,1.8828771520477035,,,,,,2,,,,,,,,,"[0.478619872265142, -0.9739569884685293, 2.0674135715721578, 0.9395936610900275]"
traveler (traveler.139),139,105.0,2.427988917602303,1,,,2.821548545737734,0.09339726653243619,,,,,,1,,,,,,,,,"[0.26127321096969264, 0.37603229253873266, -0.9106324208416954, -0.23288611172561327]"
traveler (traveler.140),140,105.0,2.3449497226160205,3,,,1.0792158871993818,4.365519151981644,,,,,,3,,,,,,,,,"[-1.8757394208833194, 0.31033105253691107, 3.0981208706273717, 3.847043879239118]"
traveler (traveler.141),141,105.0,2.1033913505991304,0,6.8400630952664585,1.2178345881673918,3.869091977042785,0.9031774262078102,SAV (sav.2),,,,3.113791259001866,0,-1.6945161879540747,-0.6836436955824019,normal,,,,,,"[1.6729473623026436, -0.8380604921645605, 0.23813738911342158, 0.2932913817397031]"
traveler (traveler.92),92,90.0,0.7220866923196533,,,,3.2012894079013194,2.672053356812805,SAV (sav.3),1,5.514157444218835,1.0,1.2608887733080363,,,,,3.1,2.7,,,,
traveler (traveler.122),122,97.5,0.9102758259748274,,,,3.4102676960015184,2.4961527970885817,SAV (sav.3),2,5.514157444218835,1.0,1.3240174727881768,,,,,3.3,2.5,,,,
traveler (traveler.110),110,90.0,0.7735724353952714,,,,2.5229395865996693,3.2732322343061027,SAV (sav.3),3,10.06971299977439,1.8261562354066805,0.42302985658156955,,,,,2.5,3.3,111.87944135187485,"[2.0, 5.514157444218835, 5.514157444218835, 10.06971299977439, 13.583870443993225]","[0.8944271909999161, 1.294427190999916, 2.8944271909999157, 4.025798040898391]",
traveler (traveler.142),142,105.0,1.8800210404936442,0,6.879441351874846,1.2178345881673918,4.377438209827949,2.4014866456929336,SAV (sav.3),,,,1.5036702610010446,0,-1.6861661249963071,-0.8245428404887938,normal,,,,,,"[1.391899208301162, -1.621565338127584, -0.8647428091860778, 0.07554633576189261]"
traveler (traveler.143),143,105.0,0.03867385501306127,4,,,2.484148530372676,2.464723974540415,,,,,,4,,,,,,,,,"[4.4261294662211546, 0.6130937946866183, 1.1904454719198319, 0.1418703182628645]"
traveler (traveler.144),144,105.0,0.5853294816548372,4,,,2.2448693147776564,1.9731993398330847,,,,,,4,,,,,,,,,"[-0.9069737121661293, 0.9759741328195422, 1.2677212520490628, -0.6797991717747249]"
traveler (traveler.145),145,105.0,0.5395613533959159,4,,,2.3071401967343315,1.9960837863664633,,,,,,4,,,,,,,,,"[-0.6111591082808064, 1.4572879926933502, -0.8661393433312957, -0.24472249260439827]"
traveler (traveler.146),146,105.0,0.9521673022902711,0,6.879441351874846,1.2178345881673918,3.3102749123140827,1.999922867924219,SAV (sav.3),,,,1.2072385393992622,0,2.515941275662469,3.34913082943394,normal,,,,,,"[4.983410540118318, -0.27301137208398785, 0.09551155882586287, 0.9720582633928107]"
traveler (traveler.147),147,105.0,0.16617050830906838,4,,,2.4324259379975217,2.6518103552995624,,,,,,4,,,,,,,,,"[3.3356532447952914, 3.9645312365746155, -0.24811699622350156, -0.19256584603452692]"
traveler (traveler.148),148,105.0,0.4204695844272785,4,,,2.4184236865751396,2.9124802740937525,,,,,,4,,,,,,,,,"[1.8520459668627545, 1.393078540708217, -0.020474545823327386, -0.3223259465368868]"
traveler (traveler.149),149,105.0,0.3294295075308228,4,,,2.1712198196397248,2.4793265040628025,,,,,,4,,,,,,,,,"[0.007669781165713825, 0.013179840010401617, -0.19623728705836221, 1.731877783422703]"
traveler (traveler.150),150,105.0,0.9444274042512096,2,,,1.8984505924375037,1.7719330853816475,,,,,,2,,,,,,,,,"[-1.4006075915045164, -1.4076976918646313, -0.89982332320928, -2.0140088506632328]"
traveler (traveler.151),151,105.0,0.753483613461594,2,6.879441351874846,1.2178345881673918,2.972014866639055,3.0873155211867434,,,,,0.8774812424501712,0,1.1038327547882458,1.3619158304103847,normal,,,,,,"[2.871535633967686, -0.4460078896465096, 2.946829967078509, 0.588006408061238]"
traveler (traveler.152),152,105.0,0.6014205452682491,4,,,1.9423985251996667,2.274639693887208,,,,,,4,,,,,,,,,"[-2.0723064339868453, 0.9211359278837717, -0.04952839429124867, 0.148701034346596]"
traveler (traveler.153),153,105.0,0.7556137361081188,1,,,2.1263312793746945,1.8432475310883734,,,,,,1,,,,,,,,,"[0.6258980668343245, 1.8817230612879277, 0.2606978191521768, -0.07142582490936622]"
traveler (traveler.154),154,105.0,0.9281852927626223,1,,,1.8776630016146783,1.8113603277899368,,,,,,1,,,,,,,,,"[-0.5810986754493238, 1.5746139852863712, -0.1670195147351967, 0.5051194647445317]"
traveler (traveler.155),155,105.0,0.8947157222086066,3,,,2.7442494501311847,3.3607313342024225,,,,,,3,,,,,,,,,"[0.5652391380003667, 0.5199771707963018, -0.6085368329374479, 1.2519521300220633]"
traveler (traveler.156),156,105.0,0.529782039704296,4,,,2.6623431916870537,1.9957047514539674,,,,,,4,,,,,,,,,"[1.9939047407749166, 0.359756283495218, 2.4864325939413296, 0.45539024638641884]"
traveler (traveler.157),157,105.0,0.9970637752068788,1,,,1.540510828565259,2.771139635113104,,,,,,1,,,,,,,,,"[-1.8448539244075166, 0.34927448538937056, -0.41710339337122754, -0.16934445494681227]"
traveler (traveler.158),158,105.0,0.17791650596011555,4,,,2.498004169925995,2.6779053112061906,,,,,,4,,,,,,,,,"[1.3704552076934278, 0.6254562809294295, 3.1455405993280205, -1.2595790526364832]"
traveler (traveler.159),159,105.0,0.6477761592674794,4,,,2.0643618849609506,2.9794094129661524,,,,,,4,,,,,,,,,"[-0.8205979921210361, 1.8647806544757835, 0.40683513635777535, 0.48917848925097845]"
traveler (traveler.160),160,105.0,0.9718930324320723,3,,,3.2411427657284273,3.1287157285279465,,,,,,3,,,,,,,,,"[-1.8089642620302138, -1.5369077347761404, 0.9815047263570444, 1.4913243227872386]"
traveler (traveler.161),161,105.0,0.30260578286781753,4,,,2.790459354329524,2.5848741616012827,,,,,,4,,,,,,,,,"[-1.5250539975937933, 0.9011735482348393, 1.4967833115154239, -0.8734331215827937]"
traveler (traveler.162),162,112.5,2.169292572362577,1,,,4.668936499585618,2.5393029931777984,,,,,,1,,,,,,,,,"[-1.4255500306776996, 0.2032229657185577, -0.6207202281367504, 0.5979632660466366]"
traveler (traveler.163),163,112.5,3.0218915169473832,3,,,4.82152829892396,4.434511488074905,,,,,,3,,,,,,,,,"[-0.7162438893503534, -0.8360883918908986, 0.1368073347479647, 3.0329100121149746]"
traveler (traveler.102),102,90.0,0.7304166071085983,,,,1.8249534330336217,2.2210366469104885,SAV (sav.1),1,5.266230894930127,1.0,1.3072400550852248,,,,,1.9,2.3,,,,
traveler (traveler.117),117,97.5,0.9997758209849089,,,,2.8539918626076535,1.564991201413798,SAV (sav.1),2,9.651018941980753,1.6608436835844445,1.711593968757889,,,,,2.9,1.7,112.2850764147473,"[2.0, 5.266230894930127, 9.651018941980753, 13.46193241768598]","[0.8944271909999161, 2.5436694412469802, 3.808580505314332]",
traveler (traveler.164),164,112.5,2.044361476302421,0,0.0,1.2178345881673918,4.442301192212678,3.137871401239013,SAV (sav.1),,,,0.8282082739694077,0,-2.204402395480685,-2.3148989446680197,normal,,,,,,"[0.004655058535118632, -0.019155530719762115, -0.6012448217201741, -0.7426189291152088]"
traveler (traveler.165),165,112.5,1.9087848026443008,3,,,2.6714592303372746,4.401068424633367,,,,,,3,,,,,,,,,"[-0.7831883084517957, 0.5807599849305553, -0.15010380165198117, 2.727577200879595]"
traveler (traveler.121),121,97.5,0.7151550498730589,,,,2.241258121177954,1.8332921288130948,SAV (sav.4),1,4.987615979999814,1.0,1.0666203497214457,,,,,2.3,1.9,,,,
traveler (traveler.120),120,97.5,0.7356956045180986,,,,3.1467984651016243,2.850570632040725,SAV (sav.4),2,10.012231596949778,1.7906054550901698,0.8168253548904277,,,,,3.1,2.9,113.88603706342504,"[2.0, 4.987615979999814, 10.012231596949778, 13.603765772436578]","[0.8944271909999161, 2.7055042186274, 3.7253081213459573]",
traveler (traveler.166),166,112.5,2.5754259096588195,0,1.3860370634250359,1.2178345881673918,0.05922026853968421,3.321835092116701,SAV (sav.4),,,,0.5550901867117798,0,-2.4404232432905535,-2.394312851112512,normal,,,,,,"[0.25844637558427747, -0.9111015916396312, 0.5831837516601099, 1.1609479156428308]"
traveler (traveler.167),167,112.5,2.7182012543012473,1,,,4.838537072719635,3.885590999682357,,,,,,1,,,,,,,,,"[-0.26905976931442793, 0.4618221606891563, 0.889533198344982, -0.5558808487146788]"
traveler (traveler.168),168,112.5,1.1333784185971054,0,0.0,1.2178345881673918,3.6304075649779484,2.5820083945843404,SAV (sav.1),,,,1.2906826358258292,0,5.7520209324846245,5.685884924086558,normal,,,,,,"[7.433861743287393, 0.23685096735421954, 2.3950111891907313, -0.18788563258015475]"
traveler (traveler.169),169,112.5,2.2716733989939915,0,1.3860370634250359,1.2178345881673918,2.4428935442936197,4.770955500315576,SAV (sav.4),,,,2.3104611871965797,0,-1.5629045365958167,-1.3484189580512727,normal,,,,,,"[1.113757136268982, -1.1273461536914744, 0.3995041232819925, 1.0882830672453936]"
traveler (traveler.170),170,112.5,0.6091432548227947,4,,,2.8395677643770387,1.994283440757485,,,,,,4,,,,,,,,,"[0.5944705131571919, 3.5141854180121026, 0.24039577662812817, 3.157309769508435]"
traveler (traveler.171),171,112.5,0.18241811885305234,4,,,2.388454974458069,2.6443401446678516,,,,,,4,,,,,,,,,"[-0.280313120334818, -0.691761672487756, 0.025600424390764157, 0.4700400259300344]"
traveler (traveler.172),172,112.5,0.43387980857612857,4,,,2.066194442521962,2.5080266176703976,,,,,,4,,,,,,,,,"[-0.9376911100773128, -1.0297603725770414, 2.482235895440384, 1.741274031255864]"
traveler (traveler.173),173,112.5,0.887864287213192,0,0.0,1.2178345881673918,3.247094492769402,2.0202575572432435,SAV (sav.1),,,,1.1483598658906402,0,1.9286095573085533,1.8488219488183033,normal,,,,,,"[3.4427560834025126, -0.22509487860967678, 1.5812028709208048, -0.45269207653886073]"
traveler (traveler.174),174,112.5,0.7261831473021877,0,0.0,1.2178345881673918,2.9738988488210074,1.9497620110244709,SAV (sav.1),,,,2.3537428336696617,0,2.835847077708567,2.8716798034876807,normal,,,,,,"[4.364170503010216, -0.763650823605497, 0.05372198254673769, 1.9219371308983162]"
traveler (traveler.175),175,112.5,0.2585101351621723,4,,,2.4316313474023095,2.7493054699029704,,,,,,4,,,,,,,,,"[-0.3609732230834091, -0.7824471229335356, -0.5916303065297375, 0.2896515963655227]"
traveler (traveler.176),176,112.5,0.8116473573185268,1,12.904947277308935,1.2178345881673918,2.0987656915069675,1.7944629971927295,,,,,1.2665306458888705,0,-0.5711198295613944,-0.17359610789520508,normal,,,,,,"[1.3725173149929741, 1.0629695878932914, 0.863255396642346, 0.3511678223876864]"
traveler (traveler.177),177,112.5,0.906411465180445,1,,,2.5394048101969813,3.4055545290836444,,,,,,1,,,,,,,,,"[-1.7435590178258344, 2.8061801043537966, 0.5692259884807027, -0.7733239137631821]"
traveler (traveler.178),178,112.5,0.9621131229895236,2,,,3.37919733775656,2.1092651759691345,,,,,,2,,,,,,,,,"[-0.7887171902596197, 1.1741378289690925, 1.7581866947094842, -0.9273730064044291]"
traveler (traveler.179),179,112.5,0.811688932022178,1,,,2.654338153898782,1.7031194213569891,,,,,,1,,,,,,,,,"[0.7394932366041062, 4.011132130494255, 0.6681734401194129, -0.6077008277825046]"
traveler (traveler.180),180,112.5,0.6223245055051692,4,,,1.9547324956492043,2.2000481057714283,,,,,,4,,,,,,,,,"[3.6333304261653616, 0.48689423139089627, 0.6897085298361829, 6.18556247885134]"
traveler (traveler.181),181,112.5,0.015900539990611706,4,,,2.4857347999504884,2.492976379883532,,,,,,4,,,,,,,,,"[4.402570647772907, -0.37880243948772707, 2.4482909894685427, -0.27157970148943067]"
traveler (traveler.182),182,112.5,0.3897173369083254,4,,,2.122266087029649,2.5958993935279286,,,,,,4,,,,,,,,,"[6.029875775111551, 0.5494228688880726, 1.3095130286668395, -1.4965996228483676]"
traveler (traveler.183),183,112.5,0.9351318978105517,2,,,3.421877664205284,2.6568860686682347,,,,,,2,,,,,,,,,"[-1.0409930583314069, -1.3336922822395034, 5.569343314587737, 1.7434910867278743]"
traveler (traveler.184),184,120.0,1.3918776050262034,2,,,1.1085338439415242,2.466159138348299,,,,,,2,,,,,,,,,"[0.8428613800188093, -0.25296759420018844, 1.4925202305868592, 0.02797488895794215]"
traveler (traveler.81),81,90.0,2.147834272490242,,,,4.456594652858614,3.3859624295018187,SAV (sav.0),1,9.769576094101252,1.0,1.155592115008575,,,,,4.5,3.3,,,,
traveler (traveler.82),82,90.0,2.4684672669913925,,,,2.2539234379203608,4.956171202054739,SAV (sav.0),2,19.702798868430932,1.7599404886891128,1.8123485502435477,,,,,2.3,5.1,125.40494727730893,"[2.0, 9.769576094101252, 19.702798868430932, 28.89794949713572]","[3.0463092423455636, 7.06625949079392, 10.754077273711074]",
traveler (traveler.185),185,120.0,2.7165413068570206,0,5.404947277308935,1.280633225429085,4.066406163529328,0.280547724613619,SAV (sav.0),,,,0.4658314166946266,0,1.4760304785699065,1.2863200510796555,normal,,,,,,"[4.828367603663802, -1.194293163335618, -1.5310117004902313, 1.2063952430428662]"
traveler (traveler.186),186,120.0,2.0142119171480837,1,,,1.0467223179523877,3.8946446235667627,,,,,,1,,,,,,,,,"[0.29923083001434286, 0.515071236834562, -0.2118037246224518, -0.2336997319404954]"
traveler (traveler.187),187,120.0,1.5732415493571963,1,,,2.488894975549057,0.9267976445937492,,,,,,1,,,,,,,,,"[0.8760050685864095, 2.8998450217509633, -0.32868569643406464, -0.42319556066788716]"
traveler (traveler.188),188,120.0,2.1987011448149985,1,,,0.32433051027342563,2.817409822916197,,,,,,1,,,,,,,,,"[-0.19945653965909457, 0.8609771616947635, -0.2933080385036929, 0.02286118708893215]"
traveler (traveler.189),189,120.0,1.7701473165617083,0,5.404947277308935,1.280633225429085,1.9517893103740325,0.8168818930002453,SAV (sav.0),,,,1.1751886413485444,0,-1.8467717385786695,-1.9684406210801166,normal,,,,,,"[0.9686145874664212, 0.20520488526535838, 0.0400624854353893, -0.14563794538069677]"
traveler (traveler.190),190,120.0,1.763985273654459,3,,,1.0271324617184279,3.470724090741638,,,,,,3,,,,,,,,,"[0.553820356367423, 1.1588882157732823, -0.17601375629846452, 2.678008121384963]"
traveler (traveler.191),191,120.0,1.7671685942810675,3,,,4.243860415416282,2.2139306165324952,,,,,,3,,,,,,,,,"[1.1498841226913794, -0.8393279364143955, 1.0589211843338093, 2.074744229626504]"
traveler (traveler.192),192,120.0,2.083410279843384,1,,,3.168644673033178,4.4731985950181095,,,,,,1,,,,,,,,,"[-0.7549386954600747, 0.7500493761920234, -0.24185788211117054, 1.278317935773411]"
traveler (traveler.193),193,120.0,2.4023593294297387,1,,,4.8560426351811135,2.969460806571686,,,,,,1,,,,,,,,,"[-1.2185660521017825, 1.0443676747144746, 1.7660266420959154, 0.3483667620770297]"
traveler (traveler.194),194,120.0,1.5955256780804368,2,,,3.916479352398067,1.7656373963470156,,,,,,2,,,,,,,,,"[-1.2710582489476594, -0.3848560793449279, 0.3819871789970508, 0.46680132226412446]"
traveler (traveler.146),146,105.0,0.9521673022902711,,,,3.3102749123140827,1.999922867924219,SAV (sav.3),1,5.810913475705226,1.0,1.2072385393992622,,,,,3.3,2.1,,,,
traveler (traveler.142),142,105.0,1.8800210404936442,,,,4.377438209827949,2.4014866456929336,SAV (sav.3),2,10.634169149946393,1.141404226024812,1.5036702610010446,,,,,4.3,2.5,129.83035290339987,"[2.0, 5.810913475705226, 10.634169149946393, 17.950911551525014]","[1.2649110640673515, 2.7880656852401335, 5.333650097511704]",
traveler (traveler.195),195,120.0,2.8512300881499972,0,9.83035290339987,1.280633225429085,0.5204357755600969,4.552032771884866,SAV (sav.3),,,,0.6708236424561829,0,-3.848653716158437,-3.4350345413285055,normal,,,,,,"[0.1931142358466589, -0.9825934472330718, -0.09452112834473957, -0.7888294204552107]"
traveler (traveler.196),196,120.0,0.8561301462454315,0,9.83035290339987,1.280633225429085,2.9594108154420953,3.2224268336413404,SAV (sav.3),,,,1.1725198176483105,0,4.694104061868568,5.1558459338229286,normal,,,,,,"[7.5086060221228585, -0.9010898740067159, 0.7477090491995826, 0.6291874596409398]"
traveler (traveler.197),197,120.0,0.13713346332877535,4,,,2.3672783757820177,2.5345044523139446,,,,,,4,,,,,,,,,"[-0.9342740643353697, -1.2101162566485941, 0.1549468294219748, 2.0020081158191463]"
traveler (traveler.198),198,120.0,0.6921228898751677,4,,,1.8235006510519816,2.6462283336500168,,,,,,4,,,,,,,,,"[2.708424278871005, 0.788935515057295, 1.626683538621052, -0.3800461858663296]"
traveler (traveler.199),199,120.0,0.8803114356988393,3,,,1.6200728444410462,2.526008166642044,,,,,,3,,,,,,,,,"[-0.47274844376361475, -0.4403325002882973, -0.8990617947548226, 2.501213519456231]"
traveler (traveler.200),200,120.0,0.9042404910710345,3,,,1.6441835742083857,2.20805974748649,,,,,,3,,,,,,,,,"[1.5645222537711712, -0.23665459185660073, -0.13902043463876532, 3.274127316325563]"
traveler (traveler.201),201,120.0,0.8202126257884778,0,5.404947277308935,1.280633225429085,1.7441919554765095,2.8185952782707346,SAV (sav.0),,,,1.111517296944405,0,0.3886565406320157,0.2608803027753237,normal,,,,,,"[2.590679737144547, 0.9066306435102605, -0.40548164719550484, 1.717733260722254]"
traveler (traveler.202),202,120.0,0.983436342114165,2,,,2.7895159299865635,1.560144923259493,,,,,,2,,,,,,,,,"[-0.04853666611077137, 3.00470712647811, 4.330424505376608, 3.309822694543044]"
traveler (traveler.203),203,120.0,0.7326519949500466,2,,,1.7887166211101606,2.675655630764677,,,,,,2,,,,,,,,,"[-1.1430084442899944, 0.5160767517241354, 0.9895484058344445, -0.696848033775597]"
traveler (traveler.204),204,120.0,0.43288081856629324,4,,,2.34776852902076,2.9052300363079233,,,,,,4,,,,,,,,,"[0.1223525523852178, 2.6809584154933894, 2.7094889862030165, 0.049545472561061475]"
traveler (traveler.205),205,120.0,0.0911317902140253,4,,,2.5891603469310596,2.5188530030166607,,,,,,4,,,,,,,,,"[0.4754477547263758, 0.8168255061502134, 0.4294745032635257, 2.034951704409598]"
traveler (traveler.206),206,120.0,0.3654536111332742,4,,,2.862574812697023,2.4542195774586,,,,,,4,,,,,,,,,"[0.32214044622602284, 0.22771114525284492, -1.3343169247450186, 0.45136442966673695]"
traveler (traveler.207),207,120.0,0.8104415917301819,3,,,1.7129954497415936,2.693492665180658,,,,,,3,,,,,,,,,"[1.083623904999923, 0.759690333815725, -0.6398551617664221, 1.4493101670031914]"
traveler (traveler.208),208,120.0,0.7223823896559982,3,,,1.795424338202831,2.6594034306035845,,,,,,3,,,,,,,,,"[0.8490927496275764, 0.21055040141540052, 1.2350251218836243, 2.0513920844452187]"
traveler (traveler.209),209,120.0,0.7642329711485324,2,,,2.9755662824365148,1.9017619661037701,,,,,,2,,,,,,,,,"[-0.052939796011499035, 0.9137549834819947, 2.955961261496088, 0.35305749654612983]"
traveler (traveler.210),210,120.0,0.24497037472826236,4,,,2.704448631123323,2.365050966189807,,,,,,4,,,,,,,,,"[8.972801670715155, 2.397334467931915, -1.284436612428852, 0.9195818679251558]"
traveler (traveler.211),211,120.0,0.5998299660652678,4,,,3.0633119986975625,2.293903953669126,,,,,,4,,,,,,,,,"[-0.15120420090664652, -0.46768217635327664, 1.348782351386902, 0.7162739585939227]"
traveler (traveler.212),212,120.0,0.5530070004560164,4,,,2.431519389762113,1.951249465991324,,,,,,4,,,,,,,,,"[-0.9808495130477011, 0.2876974817459847, -1.255368229451168, 3.4553829239015874]"
traveler (traveler.213),213,127.5,2.530600286342028,0,2.33035290339987,1.280633225429085,0.7043261772991161,4.28311338161687,SAV (sav.3),,,,3.2158825818313255,0,-0.875675380660065,-1.2071091523652702,normal,,,,,,"[2.2160736409244857, 0.14736806159591762, 0.9019632600032298, 0.9027403416411784]"
traveler (traveler.214),214,127.5,1.914824251236575,3,,,3.1608059594343803,4.297188748323258,,,,,,3,,,,,,,,,"[0.4399199480789393, -0.749174340667925, 0.03849189073817295, 0.8621751838088177]"
traveler (traveler.215),215,127.5,1.781731090511932,1,,,3.7348971813045493,3.784365458311192,,,,,,1,,,,,,,,,"[-1.1036250868802246, 1.6359706955889484, 2.116231310994702, 0.9482840608519693]"
traveler (traveler.216),216,127.5,1.8115833226484126,1,,,0.7047583839397137,2.7427790659490965,,,,,,1,,,,,,,,,"[-0.3126973479568137, 1.8973031134098775, 0.7386407374189475, -0.20239591939802767]"
traveler (traveler.217),217,127.5,2.565975943461337,1,,,0.1461632647430433,3.5216091063499624,,,,,,1,,,,,,,,,"[-1.562937469649207, -0.9355369065693591, -1.0971720289910414, -1.8621927398215905]"
traveler (traveler.218),218,127.5,0.8982922687038251,0,2.33035290339987,1.280633225429085,2.163014735421801,3.3326883759667996,SAV (sav.3),,,,1.6899772008599616,0,4.024877022534142,3.5470784066861625,normal,,,,,,"[5.926791076635248, 1.250203654705506, 2.487055700901951, -0.8372125568029447]"
traveler (traveler.219),219,127.5,0.6899330617325566,4,,,2.314011122744267,1.8356087243131411,,,,,,4,,,,,,,,,"[0.21158375517811717, -0.09215754821267291, -0.5846204843149301, 0.11771144218565546]"
traveler (traveler.220),220,127.5,0.4989859776933236,4,,,2.014485792750821,2.615164927359693,,,,,,4,,,,,,,,,"[-0.6973494622951729, 1.6122471702061347, -0.2011348738936499, -0.6640328011450842]"
traveler (traveler.174),174,112.5,0.7261831473021877,,,,2.9738988488210074,1.9497620110244709,SAV (sav.1),1,5.266230894930127,1.0,2.3537428336696617,,,,,3.1,2.1,,,,
traveler (traveler.173),173,112.5,0.887864287213192,,,,3.247094492769402,2.0202575572432435,SAV (sav.1),2,6.8947702559848345,1.1865208946598658,1.1483598658906402,,,,,3.3,2.1,,,,
traveler (traveler.168),168,112.5,1.1333784185971054,,,,3.6304075649779484,2.5820083945843404,SAV (sav.1),3,9.672548033762613,1.4284759527162694,1.2906826358258292,,,,,3.7,2.5,,,,
traveler (traveler.164),164,112.5,2.044361476302421,,,,4.442301192212678,3.137871401239013,SAV (sav.1),4,13.815244839036158,1.4447853371048889,0.8282082739694077,,,,,4.5,3.1,133.87738842136213,"[2.0, 5.266230894930127, 6.8947702559848345, 9.672548033762613, 13.815244839036158, 21.377388421362113]","[1.019803902718557, 1.3026466151931757, 2.102646615193176, 3.516860177566271, 6.469824789612952]",
traveler (traveler.221),221,127.5,0.7564494441164432,0,6.377388421362127,1.280633225429085,1.7436547182045745,2.5125529363048766,SAV (sav.1),,,,0.545084150311578,0,0.6798124564036376,0.6259592136111003,normal,,,,,,"[2.9149973613083504, 1.0424552440178985, 0.7628545448951257, -0.3287299761838978]"
traveler (traveler.222),222,127.5,0.7018233931382227,1,,,2.7504005007960055,1.844366211702632,,,,,,1,,,,,,,,,"[2.317738608746308, 3.1675800707430253, 0.743200055893201, -0.9839490467369213]"
traveler (traveler.223),223,127.5,0.4063750956722969,4,,,2.8567174530128576,2.6946622128166844,,,,,,4,,,,,,,,,"[-0.08497673535943943, 0.04852041547360554, 1.5845743627191617, -0.11390639922179059]"
traveler (traveler.224),224,127.5,0.8709354742879813,0,6.377388421362127,1.280633225429085,1.711037753453021,2.868872842449502,SAV (sav.1),,,,0.39631477279897376,0,1.7865168025769584,1.7183936010934122,normal,,,,,,"[4.080618151560851, -0.33766788926639296, -0.9851374227321411, 0.07487329816208073]"
traveler (traveler.225),225,127.5,0.631947718784741,4,,,2.055110046421843,2.9488104816985263,,,,,,4,,,,,,,,,"[-0.9303416223839002, 2.0985872750208565, 1.316661337466225, 1.1612058970892072]"
traveler (traveler.226),226,127.5,0.9046126175269007,2,,,1.7745459120107772,3.040407581375942,,,,,,2,,,,,,,,,"[-1.4680450103425053, -1.0449281836637074, 0.8540426231134164, -0.7313680532046976]"
traveler (traveler.227),227,127.5,0.6545372490305069,4,,,1.8545346494138217,2.391402156738332,,,,,,4,,,,,,,,,"[1.5005792754084848, -0.3043090317298951, 1.7832555646870762, -0.3522579446691998]"
traveler (traveler.228),228,127.5,0.9455454960545723,0,6.377388421362127,1.280633225429085,1.6249823607822782,2.8583300380472334,SAV (sav.1),,,,1.580950529891225,0,-1.4189647597331498,-1.373457699396407,normal,,,,,,"[1.0364620947223384, -0.23580308794744467, 0.08573805320792859, -0.4099514271777456]"
traveler (traveler.141),141,105.0,2.1033913505991304,,,,3.869091977042785,0.9031774262078102,SAV (sav.2),1,8.794846582402355,1.0,3.113791259001866,,,,,3.7,1.0999999999999999,,,,
traveler (traveler.134),134,105.0,1.8364440572534482,,,,4.246629186460677,3.0672858718716878,SAV (sav.2),2,15.757694522401795,1.7916963502162089,0.7511902156274776,,,,,4.3,3.1,134.3926042000706,"[2.0, 8.794846582402355, 15.757694522401795, 22.55254110480415]","[2.60768096208106, 5.56064557412774, 8.243927147127488]",
traveler (traveler.229),229,127.5,0.7134917177122765,0,6.892604200070593,1.280633225429085,2.190236828578514,1.8572580542123318,SAV (sav.2),,,,1.4134975037655566,0,-0.3924963941538111,-0.29509961902918325,normal,,,,,,"[1.9664773488018745, -0.21989250544972969, -0.5723858695483831, 0.8409312410113214]"
traveler (traveler.230),230,127.5,0.33319701224876314,4,,,2.8316801785922143,2.468242983443982,,,,,,4,,,,,,,,,"[2.097593592247093, 2.994729489811348, 1.415398227166033, 1.0649298216585994]"
traveler (traveler.231),231,127.5,0.814580514951706,3,,,3.1670918718581085,2.0325282363181367,,,,,,3,,,,,,,,,"[0.24654694447882394, 0.09310516611187364, 3.7227751338240194, 4.221684746822606]"
traveler (traveler.232),232,127.5,0.5328293623941041,4,,,3.022641318938529,2.396302453416186,,,,,,4,,,,,,,,,"[0.6987941443923981, -0.8003423197024804, 2.8028223768005343, 2.0238752837047187]"
traveler (traveler.233),233,127.5,0.4624517956424159,4,,,2.0893297365152232,2.2873698093349892,,,,,,4,,,,,,,,,"[-0.20644782723082375, 3.092142583324513, -0.5505340906851555, 1.324760487801598]"
traveler (traveler.234),234,127.5,0.3460133921647274,4,,,2.635140493770428,2.8185314968740554,,,,,,4,,,,,,,,,"[2.752771864423416, 0.0059258620263552145, 5.487545093436661, -0.8832149376308259]"
traveler (traveler.229),229,127.5,0.7134917177122765,,,,2.190236828578514,1.8572580542123318,SAV (sav.2),1,4.591534175486801,1,1.4134975037655566,,,,,2.3,1.9,141.5756725510442,"[1, 4.591534175486801, 7.183068350973602]","[0.8944271909999161, 1.7888543819998322]",
traveler (traveler.235),235,135.0,2.0731068767973255,0,6.5756725510441925,1.280633225429085,3.7423079536038415,0.8403485091631446,SAV (sav.2),,,,0.8775818564654854,0,0.4747289261544414,0.4789205571999551,normal,,,,,,"[3.60964586126174, -0.03668875142673968, 2.4335836174270833, 0.6514132704743638]"
traveler (traveler.236),236,135.0,1.2716690314372339,0,6.5756725510441925,1.280633225429085,3.7637814359404533,2.641416433588173,SAV (sav.2),,,,1.0392378162279967,0,-0.4289009351691555,-0.4092032644632231,normal,,,,,,"[2.209194440694901, -0.6165497494214869, 1.238431863054101, 0.2675615228713396]"
traveler (traveler.237),237,135.0,1.879437060603428,1,,,0.7406011335986351,1.8390920686848693,,,,,,1,,,,,,,,,"[-0.8205372704018101, 1.5136615233291002, -0.37420473957024264, 0.7928292091750648]"
traveler (traveler.238),238,135.0,1.0026141356340508,1,,,2.9796239193857383,1.6195478429089532,,,,,,1,,,,,,,,,"[-0.605816421790795, 2.9249552454477614, 0.9351427737587027, -0.9617113658557851]"
traveler (traveler.239),239,135.0,1.6311953610973398,3,,,0.8749353779875996,2.6412914730235855,,,,,,3,,,,,,,,,"[1.6873260814536073, 0.3719652457244661, 0.35503487408584905, 4.765032448284259]"
traveler (traveler.240),240,135.0,1.877736463803929,0,6.5756725510441925,1.280633225429085,3.341324111867478,0.8212897908545136,SAV (sav.2),,,,1.0667844258950057,0,5.100771696994665,5.123111638499856,normal,,,,,,"[8.12894434463254, -0.7035062737533978, 2.438490691662827, 0.6984672352047504]"
traveler (traveler.241),241,135.0,1.4892313466101024,1,,,1.3256030940038066,3.4157521012330285,,,,,,1,,,,,,,,,"[-0.6106976122551871, 1.963908296440436, -0.4261086668336226, 2.0624036835539687]"
traveler (traveler.242),242,135.0,0.9823067830461429,1,,,1.7769616940290167,3.1649377595813557,,,,,,1,,,,,,,,,"[-2.609519163976742, 1.4054141672096425, -0.029905674189762862, 0.34862733248099187]"
traveler (traveler.243),243,135.0,0.26660441925601613,4,,,2.2657548780525545,2.627307262992588,,,,,,4,,,,,,,,,"[0.2493317596632724, -0.8926312518978832, 5.056441638248247, -1.418351261232708]"
traveler (traveler.169),169,112.5,2.2716733989939915,,,,2.4428935442936197,4.770955500315576,SAV (sav.4),1,10.568616162633958,1.0,2.3104611871965797,,,,,2.3,4.9,,,,
traveler (traveler.166),166,112.5,2.5754259096588195,,,,0.05922026853968421,3.321835092116701,SAV (sav.4),2,20.117675745599,1.8371528268183521,0.5550901867117798,,,,,0.09999999999999964,3.3,142.9541767290233,"[2.0, 10.568616162633958, 20.117675745599, 29.068139665598252]","[3.405877273185281, 7.2529540855195505, 10.830662849519214]",
traveler (traveler.244),244,135.0,0.7333123934603516,0,7.954176729023288,1.280633225429085,2.097740690356735,1.886865011430702,SAV (sav.4),,,,0.15993456877199022,0,-0.050144510619645644,0.06702130862397038,normal,,,,,,"[2.341268852562021, 0.7314849441563633, 1.4249530567784436, -0.4177694401918045]"
traveler (traveler.245),245,135.0,0.7763222669429248,2,,,1.7237872496120834,2.4869605104920542,,,,,,2,,,,,,,,,"[-0.17386376578088733, -0.46895987705446945, 1.3360891308469298, 0.8206043046992334]"
traveler (traveler.246),246,135.0,0.5658910247492052,4,,,2.1581976364038438,2.951003099913722,,,,,,4,,,,,,,,,"[6.15667234299613, 2.188036636631546, 4.577449709814585, 0.9560981294968721]"
traveler (traveler.247),247,135.0,0.7789402908097895,1,,,2.2087625149512213,1.7775536670801755,,,,,,1,,,,,,,,,"[-2.4411834866150803, 0.04503055064998861, -0.23247758664148033, 0.3608460090024385]"
traveler (traveler.248),248,135.0,0.7798861828507309,1,,,1.9684333087045858,1.9293343265039244,,,,,,1,,,,,,,,,"[2.667640769859891, 2.682325159436114, 1.0692765304429748, -0.17031169589265546]"
traveler (traveler.249),249,135.0,0.9853073453400163,2,,,2.210207353600868,1.5582724455162322,,,,,,2,,,,,,,,,"[1.2731152970921524, 0.8535087195971939, 2.7190361032466344, 0.42940448448159324]"
traveler (traveler.250),250,135.0,0.29881340958894614,4,,,2.320724835786864,2.2609396117159424,,,,,,4,,,,,,,,,"[1.8297850098449735, -0.6583761760235705, -0.0391170818253823, 1.1528172495381397]"
traveler (traveler.251),251,135.0,0.8796494392806653,2,,,1.8837919937144405,3.127750610526477,,,,,,2,,,,,,,,,"[0.6657881731111528, -0.06949750976956534, 3.4293753249507404, 0.49462227285477495]"
traveler (traveler.252),252,135.0,0.6432959844320288,4,,,1.9060086101593392,2.746989781937499,,,,,,4,,,,,,,,,"[-1.9617091513318703, 0.40975349803299477, -0.6290033284553669, 0.11304538918140324]"
traveler (traveler.253),253,142.5,2.3165100136593164,2,,,3.4146253062263643,0.37169570018894704,,,,,,2,,,,,,,,,"[0.2761804255642116, -0.4328563046900211, 0.9485444664276991, 1.0164478759501028]"
traveler (traveler.254),254,142.5,1.4546507533161683,1,,,1.2672612707310804,3.272246100335732,,,,,,1,,,,,,,,,"[0.2886824047195665, 1.3786853639235417, 0.33754763876196536, -0.9931555104948789]"
traveler (traveler.255),255,142.5,1.0644509694260047,3,,,3.2859008845971376,3.217924554463349,,,,,,3,,,,,,,,,"[2.3825574374082072, 0.40208329928726605, 1.1965633773693056, 5.174629702875301]"
traveler (traveler.256),256,142.5,1.759987755052435,1,,,0.7851500170679337,2.1039615751313985,,,,,,1,,,,,,,,,"[-0.3127854692847593, -0.048114838257037607, -0.2819081847651008, -0.0776684713835408]"
traveler (traveler.257),257,142.5,2.737836865353667,0,0.4541767290232883,1.280633225429085,0.012469324349173583,3.6436528489824767,SAV (sav.4),,,,1.5095384890815395,0,-0.008286518686276168,-0.7508416914065683,normal,,,,,,"[2.80481927164361, 0.5658945606409238, 0.24216624720218732, -1.4091979990383614]"
traveler (traveler.258),258,142.5,2.6296463262562946,2,,,4.222198561177463,4.4872271931189704,,,,,,2,,,,,,,,,"[-0.5795911119325575, -0.5752846158295614, 1.3177971489646712, -0.31196611942486235]"
traveler (traveler.259),259,142.5,1.7428834325348292,0,0.4541767290232883,1.280633225429085,2.2463028513187906,0.7756797234401575,SAV (sav.4),,,,2.303876730074991,0,2.1321656748206363,1.465803426176436,normal,,,,,,"[4.385429909187804, 1.6814909894251313, -0.767740191840028, -0.7816451479962451]"
traveler (traveler.260),260,142.5,1.8423985732337838,1,,,1.8581672518047732,4.226986747487671,,,,,,1,,,,,,,,,"[-1.2312075429597842, 0.10848141863135642, -0.1015931195108039, 1.0035865576708436]"
traveler (traveler.224),224,127.5,0.8709354742879813,,,,1.711037753453021,2.868872842449502,SAV (sav.1),1,5.810913475705226,1.0,0.39631477279897376,,,,,1.7,2.9,,,,
traveler (traveler.221),221,127.5,0.7564494441164432,,,,1.7436547182045745,2.5125529363048766,SAV (sav.1),2,8.216370213557838,1.6817463161665265,0.545084150311578,,,,,1.7,2.5,,,,
traveler (traveler.228),228,127.5,0.9455454960545723,,,,1.6249823607822782,2.8583300380472334,SAV (sav.1),3,10.994147991335616,1.7219284195994928,1.580950529891225,,,,,1.5,2.9,149.25632445974838,"[2.0, 5.810913475705226, 8.216370213557838, 10.994147991335616, 15.378936038386243]","[1.2649110640673518, 1.8305964890165898, 2.4630520210502658, 3.9862066422230473]",
traveler (traveler.261),261,142.5,2.222582993573732,0,6.7563244597483845,1.280633225429085,4.6655778718503935,3.0001476224826935,SAV (sav.1),,,,1.270778424478833,0,0.8081052144350278,0.8738384405233774,normal,,,,,,"[4.100117929410426, -0.06621492518001729, 0.7647651902282798, -0.2344994855368134]"
traveler (traveler.262),262,142.5,0.8118857219725107,1,,,2.691067429239011,1.7109172014124117,,,,,,1,,,,,,,,,"[0.8218612753435489, 5.053530948994516, 0.9607119273539927, 1.5264056743668821]"
traveler (traveler.263),263,142.5,0.23554168116255583,4,,,2.6600779245587547,2.327214174094503,,,,,,4,,,,,,,,,"[5.079262031152414, 1.823135234316627, 0.27515492419856674, 0.6168483978069486]"
traveler (traveler.264),264,142.5,0.660946512008609,4,,,3.1607288732188055,2.4830398162936236,,,,,,4,,,,,,,,,"[5.676302900730197, 1.1874569644416193, 0.8266589940389717, 1.6219009566606823]"
traveler (traveler.265),265,142.5,0.8729043576591202,1,,,2.615263132096353,1.634739098306401,,,,,,1,,,,,,,,,"[-0.20949417656351743, 4.413800529368258, -0.7446508415838785, 2.4145348552060417]"
traveler (traveler.266),266,142.5,0.34730952528811987,4,,,2.7140240940390132,2.2264719511153586,,,,,,4,,,,,,,,,"[1.4874827133842685, -0.6489425608053463, 1.0314779382907993, 1.9014429010926965]"
traveler (traveler.267),267,142.5,0.457962665996489,4,,,2.8946621845593743,2.2676821928361193,,,,,,4,,,,,,,,,"[-1.076185772347551, 0.5731024363038766, 1.856691455931291, 1.0130003219367216]"
traveler (traveler.268),268,142.5,0.5654631672394437,4,,,2.1451271244228076,2.0597570719659,,,,,,4,,,,,,,,,"[1.54392327395982, 3.7396675858456954, 0.3485053414538233, -0.6261916222410545]"
traveler (traveler.269),269,142.5,0.655073543235864,4,,,3.111359564796653,2.2647111783801956,,,,,,4,,,,,,,,,"[1.669861085960787, -1.5338699056331302, 0.48877866109319984, -1.324532582844468]"
traveler (traveler.270),270,142.5,0.49771400676540045,4,,,2.263092080859796,2.937714370770629,,,,,,4,,,,,,,,,"[1.7953772316426346, -0.9841855098181674, 0.29582591605090364, 0.405202354642331]"
traveler (traveler.271),271,142.5,0.8887214546238053,0,6.7563244597483845,1.280633225429085,1.7193172767587126,2.9246884852938915,SAV (sav.1),,,,2.1164708713490223,0,1.1682372635998748,1.3150893091920124,normal,,,,,,"[3.6886837352553643, 0.5485751911262522, -0.6470884318487733, 1.721926407681495]"
traveler (traveler.272),272,142.5,0.5549261282042898,4,,,2.0620207765308796,2.8407597505181474,,,,,,4,,,,,,,,,"[2.4954123220424775, 0.33071382387639614, -0.3948520241347872, 0.47283947393631726]"
traveler (traveler.273),273,142.5,0.9998789951565161,2,,,2.5794468297851707,1.5032822835966593,,,,,,2,,,,,,,,,"[-0.5317715721992817, 0.5724968339528168, 2.013255134494843, 0.8880716615260991]"
traveler (traveler.274),274,142.5,0.6872247252538022,4,,,1.9688533737197675,2.063925368324078,,,,,,4,,,,,,,,,"[3.1392592573216116, 1.2304606998357395, -0.658421953071008, -0.5254873199836827]"
traveler (traveler.275),275,142.5,0.4664547847223435,4,,,2.611681895847135,2.952887646475765,,,,,,4,,,,,,,,,"[-0.6196364675122239, 1.1531993441648543, 0.02052716828808162, 1.6829582102708762]"
traveler (traveler.276),276,142.5,0.3649309108309025,4,,,2.1662713804459806,2.647647479390746,,,,,,4,,,,,,,,,"[-2.7972152960244294, 2.8738966818370493, -0.3166351700832755, 3.580982970823547]"
traveler (traveler.196),196,120.0,0.8561301462454315,,,,2.9594108154420953,3.2224268336413404,SAV (sav.3),1,5.810913475705226,1.0,1.1725198176483105,,,,,2.9,3.3,,,,
traveler (traveler.218),218,127.5,0.8982922687038251,,,,2.163014735421801,3.3326883759667996,SAV (sav.3),2,8.696531558869353,1.555303300656699,1.6899772008599616,,,,,2.3,3.3,,,,
traveler (traveler.213),213,127.5,2.530600286342028,,,,0.7043261772991161,4.28311338161687,SAV (sav.3),3,14.7639778926433,1.460173637733953,3.2158825818313255,,,,,0.8999999999999999,4.1,,,,
traveler (traveler.195),195,120.0,2.8512300881499972,,,,0.5204357755600969,4.552032771884866,SAV (sav.3),4,17.169434630495914,1.4987112785717842,0.6708236424561829,,,,,0.5,4.5,156.45591979631376,"[2.0, 5.810913475705226, 8.696531558869353, 14.7639778926433, 17.169434630495914, 26.62556689291389]","[1.2649110640673515, 2.1134392014912087, 4.393790051689485, 5.193790051689485, 9.193790051689486]",
traveler (traveler.277),277,150.0,1.075555220828375,0,6.455919796313765,1.280633225429085,3.5571894406148097,2.3020870906087216,SAV (sav.3),,,,0.6867301372200841,0,-0.5416635030321948,-0.571572559718097,normal,,,,,,"[1.9214573227413867, 0.0419603630154935, 0.965876061677091, 0.9862516401113718]"
traveler (traveler.278),278,150.0,2.051125852203868,1,,,4.173901002036433,1.3146001953094189,,,,,,1,,,,,,,,,"[-1.1890869941794795, 2.596502965791349, -0.7766190027299357, -0.09561790949401842]"
traveler (traveler.279),279,150.0,1.6400719872849303,0,6.455919796313765,1.280633225429085,3.9803233713880486,1.7939696609924882,SAV (sav.3),,,,1.596238032528791,0,1.6582688672451522,1.7155998078772616,normal,,,,,,"[4.569502989712317, -0.04645332523952969, -0.2818478490244146, -0.7684305311591417]"
traveler (traveler.201),201,120.0,0.8202126257884778,,,,1.7441919554765095,2.8185952782707346,SAV (sav.0),1,5.810913475705226,1.0,1.111517296944405,,,,,1.7,2.9,,,,
traveler (traveler.189),189,120.0,1.7701473165617083,,,,1.9517893103740325,0.8168818930002453,SAV (sav.0),2,13.127655877283846,1.5683721988095918,1.1751886413485444,,,,,1.9,0.8999999999999999,,,,
traveler (traveler.185),185,120.0,2.7165413068570206,,,,4.066406163529328,0.280547724613619,SAV (sav.0),3,21.484520480504667,1.780742359331411,0.4658314166946266,,,,,4.1,0.2999999999999998,156.9543913375341,"[2.0, 5.810913475705226, 13.127655877283846, 21.484520480504667, 31.549444060225174]","[1.2649110640673518, 4.1074451447777305, 7.33234824409715, 11.17942505643142]",
traveler (traveler.280),280,150.0,2.291144729885454,0,6.954391337534105,1.280633225429085,2.643816665524459,4.786626541435946,SAV (sav.0),,,,1.2390094287647537,0,-0.8267789516647968,-0.7379699671341831,normal,,,,,,"[2.5321383351095252, 0.5957771782479921, 1.9255773076626639, -0.2017879784993106]"
traveler (traveler.281),281,150.0,2.344961175307782,1,,,3.5083614501339344,4.617085283965822,,,,,,1,,,,,,,,,"[0.9616220645416841, 2.8937457095360744, 0.531583549323391, 0.7362926349879868]"
traveler (traveler.282),282,150.0,2.616182790795148,1,,,0.40537037948113086,4.067462646348444,,,,,,1,,,,,,,,,"[0.9417949941817458, 2.2953898034538063, 0.2733181090329437, 0.8648758714293795]"
traveler (traveler.283),283,150.0,1.9533678442582043,1,,,4.11997897311264,3.5914733444545774,,,,,,1,,,,,,,,,"[-1.5116317304596334, 1.3129522091627548, 1.611193900489509, -1.0002077799276656]"
traveler (traveler.236),236,135.0,1.2716690314372339,,,,3.7637814359404533,2.641416433588173,SAV (sav.2),1,6.823255674241167,1.0,1.0392378162279967,,,,,3.7,2.7,,,,
traveler (traveler.240),240,135.0,1.877736463803929,,,,3.341324111867478,0.8212897908545136,SAV (sav.2),2,13.618102256643523,1.5794914852026491,1.0667844258950057,,,,,3.3,0.8999999999999999,,,,
traveler (traveler.235),235,135.0,2.0731068767973255,,,,3.7423079536038415,0.8403485091631446,SAV (sav.2),3,16.605718236643337,1.6333839306019728,0.8775818564654854,,,,,3.7,0.8999999999999999,166.34784211950847,"[2.0, 6.823255674241167, 13.618102256643523, 16.605718236643337, 24.77216956846427]","[1.7204650534085255, 4.328146015489585, 4.893831440438824, 7.7222585651850135]",
traveler (traveler.284),284,150.0,2.118255402668236,0,16.34784211950847,1.280633225429085,1.9661545014827309,0.4501183120370045,SAV (sav.2),,,,0.9942346422787469,0,-1.2603409960397909,0.04389141460568391,normal,,,,,,"[3.203478390208686, 0.15700020754464725, 1.0465038366310755, 0.3784343035806766]"
traveler (traveler.285),285,150.0,1.91344548599563,2,,,0.5878556936579721,2.570553381214637,,,,,,2,,,,,,,,,"[0.4285915005620379, -0.061475166575966564, 1.294410605060709, -0.4377793979733882]"
traveler (traveler.286),286,150.0,0.6032762908476338,4,,,1.941059859515753,2.7269982432846764,,,,,,4,,,,,,,,,"[5.45546036056259, 0.8243370115357216, 1.0328134857588716, 0.3141744482625933]"
traveler (traveler.287),287,150.0,0.4226660197597644,4,,,2.4706338193179045,2.9216446272534586,,,,,,4,,,,,,,,,"[-0.015006586871101374, 0.9613531647908046, 0.31028673409210744, -0.23798043260697785]"
traveler (traveler.288),288,150.0,0.9082867254844272,1,,,3.016203954099147,3.2473407880369094,,,,,,1,,,,,,,,,"[-0.48384130776368817, 2.467218923047289, -0.26214477255158586, -0.5146257297015363]"
traveler (traveler.289),289,150.0,0.6541233005265279,4,,,2.02955371041048,2.045513937613955,,,,,,4,,,,,,,,,"[-1.9692844921511026, 2.664278128050728, 1.429489976122757, 4.7377930393082055]"
traveler (traveler.290),290,150.0,0.8450936975756046,0,6.954391337534105,1.280633225429085,2.7398981671449922,3.3103284686363184,SAV (sav.0),,,,2.32586975374758,0,-0.3914781078616736,-0.1984174809587076,normal,,,,,,"[2.1472874410795204, 0.9557983471320651, 0.19448073595860335, -0.8022047065131965]"
traveler (traveler.291),291,150.0,0.7836799054218254,2,,,2.222233159544532,3.2328026859294035,,,,,,2,,,,,,,,,"[-0.9250998379386531, 0.12160875522451628, 1.9671871405182892, 0.3869556558337434]"
traveler (traveler.292),292,150.0,0.9434214170257219,0,16.34784211950847,1.280633225429085,2.2175325300614475,1.5998577342834446,SAV (sav.2),,,,1.8529169265756602,0,2.010680593859612,3.397277809214846,normal,,,,,,"[5.805839763402482, -0.623383973064789, 2.406075838499201, 0.1244678244377179]"
traveler (traveler.293),293,150.0,0.9351968481705313,3,,,2.0451827609013096,1.6828498156111444,,,,,,3,,,,,,,,,"[-0.040545339117796175, -0.09452327854724307, 1.3292381021365647, 1.6810623692082454]"
traveler (traveler.294),294,150.0,0.5404444154501166,4,,,2.5485314573597324,1.9617390374198045,,,,,,4,,,,,,,,,"[0.6703312008453103, -0.4620107647926473, 0.22196404209075413, 1.604538782973849]"
traveler (traveler.295),295,150.0,0.4691559080972473,4,,,2.3210500095870312,2.9336867153069726,,,,,,4,,,,,,,,,"[-0.12185525558363473, -0.09411389630323443, 0.4535364774104709, 2.0059704157268294]"
traveler (traveler.296),296,150.0,0.3800482470857606,4,,,2.176188575450518,2.3010456548748066,,,,,,4,,,,,,,,,"[-0.5123990659908932, 0.5021800809819303, 0.8610241127881836, 0.9337317859560306]"
traveler (traveler.297),297,150.0,0.576622350538274,4,,,2.216041898276549,1.9981423193714194,,,,,,4,,,,,,,,,"[10.595911489876958, 2.103563766893126, -0.7386808538417423, 0.8314256374049352]"
traveler (traveler.298),298,150.0,0.6968149884579032,4,,,1.9477082985929468,2.92488234218015,,,,,,4,,,,,,,,,"[4.964768847658284, -1.1632383077086552, 1.5582999178000667, 0.6406344390154752]"
traveler (traveler.299),299,150.0,0.8672183778235717,0,6.455919796313765,1.280633225429085,3.255629966733181,2.0744520377093094,SAV (sav.3),,,,1.8925557927974448,0,3.8443668092118015,3.9301205494088802,normal,,,,,,"[6.289968906741032, -0.21841375985907313, 1.6781451625649717, -0.45696469401939444]"
traveler (traveler.300),300,150.0,0.7401271016115532,2,,,2.28849701508819,3.2092634305484196,,,,,,2,,,,,,,,,"[0.6365049469025407, -1.18441360387593, 3.1640285216032784, 0.9845748274811575]"
traveler (traveler.301),301,150.0,0.8151390043288507,3,16.34784211950847,1.280633225429085,2.578059678276204,1.6886071956162998,,,,,0.9466402423627498,0,-0.5102181255292595,-0.17106715448102738,normal,,,,,,"[2.155488913836536, -0.19262117660569292, 0.9473757868607969, 1.5268977211409065]"
traveler (traveler.302),302,150.0,0.7071016735937113,3,,,1.7935709837132925,2.4691646023663996,,,,,,3,,,,,,,,,"[0.9329803939831925, 0.02512352096894609, 0.06637133066797447, 1.8362085294945845]"
traveler (traveler.303),303,157.5,2.2949299037725512,1,15.042397278824467,1.280633225429085,4.731050929313932,3.037694164034658,,,,,0.8353738962585825,0,-0.7768480277170353,-0.06522934285893323,normal,,,,,,"[3.2072986717308254, 1.7718291259332404, 2.006078158307995, 0.7238248855148761]"
traveler (traveler.299),299,150.0,0.8672183778235717,,,,3.255629966733181,2.0744520377093094,SAV (sav.3),1,5.266230894930127,1.0,1.8925557927974448,,,,,3.1,2.1,,,,
traveler (traveler.279),279,150.0,1.6400719872849303,,,,3.9803233713880486,1.7939696609924882,SAV (sav.3),2,8.857765070416928,1.1375340445767985,1.596238032528791,,,,,3.9000000000000004,1.9,,,,
traveler (traveler.277),277,150.0,1.075555220828375,,,,3.5571894406148097,2.3020870906087216,SAV (sav.3),3,11.263221808269542,1.650710796429617,0.6867301372200841,,,,,3.5,2.3,172.54239727882447,"[2.0, 5.266230894930127, 8.857765070416928, 11.263221808269542, 16.08647748251071]","[1.019803902718557, 2.1859942816876177, 2.985994281687618, 4.428214791873214]",
traveler (traveler.304),304,157.5,1.996826621439469,0,15.042397278824467,1.280633225429085,3.0827772400767035,4.409891945775453,SAV (sav.3),,,,1.334800472587361,0,4.223391645009776,5.38811601006064,normal,,,,,,"[8.47007835602467, 0.5299766585728591, -0.49610601078867317, 1.8287981757860665]"
traveler (traveler.305),305,157.5,2.6559985311381658,0,8.84784211950847,1.280633225429085,0.2860145138802328,1.032827050188318,SAV (sav.2),,,,2.3732591634105855,0,-1.9866961604860143,-1.5393627177735738,normal,,,,,,"[1.9639822266238236, -0.3922719725214531, 0.5028225467628349, 0.44125713284178997]"
traveler (traveler.306),306,157.5,1.524569884568989,0,8.84784211950847,1.280633225429085,2.402490099435922,0.9785516268283423,SAV (sav.2),,,,1.906978134980458,0,1.3477941387089132,1.750401905174336,normal,,,,,,"[4.530469149144248, 1.2657159835520575, 0.05922035833943589, 3.012383664166219]"
traveler (traveler.307),307,157.5,1.7465979031765568,1,,,3.556076950587008,1.1088473448900038,,,,,,1,,,,,,,,,"[-2.034565228628161, 2.1310060135510396, -0.45630179608043314, -1.1332614465810094]"
traveler (traveler.308),308,157.5,2.4835318460765965,2,,,0.3855688372343652,3.802732239718582,,,,,,2,,,,,,,,,"[1.9839161697548624, 0.7409018731186683, 4.570009341284807, 1.1699289293177586]"
traveler (traveler.309),309,157.5,0.7791070825252419,2,,,1.847300972834181,2.074568658914523,,,,,,2,,,,,,,,,"[0.5366859499058357, -0.3247610792566675, 1.851626159162442, 0.5439642880690696]"
traveler (traveler.310),310,157.5,0.4959532314213308,4,,,2.670573357526308,2.0343023110864062,,,,,,4,,,,,,,,,"[-0.36177973288141757, 1.1252155360147118, 1.07758558563921, 1.4697565633189018]"
traveler (traveler.311),311,157.5,0.6962437241690241,4,,,2.566523855983073,1.806941633028,,,,,,4,,,,,,,,,"[8.322884983101412, -0.9605954206899384, 1.8645827174613134, -0.013857828665561218]"
traveler (traveler.312),312,157.5,0.854486645576595,2,,,1.7558916508458673,2.0799402516452536,,,,,,2,,,,,,,,,"[-0.48614405570123975, 0.36276652411013427, 1.0174265586244378, 0.36528563184177815]"
traveler (traveler.313),313,157.5,0.8819464606072365,2,,,2.0413692982801166,1.746682378529774,,,,,,2,,,,,,,,,"[1.6491263530073457, -1.211959140783562, 3.3101667316025982, -0.640268991472986]"
traveler (traveler.314),314,157.5,0.7745505793464588,2,,,2.7516536150455435,3.232529219895319,,,,,,2,,,,,,,,,"[-0.5689526509925836, -1.4341651302146505, 1.7199544141643621, -0.13989909676758724]"
traveler (traveler.315),315,157.5,0.09666839058996259,4,,,2.4134850861438055,2.543127107713233,,,,,,4,,,,,,,,,"[4.482687167780049, -0.09000238417679403, 0.16730213733409205, 1.370960949952899]"
traveler (traveler.316),316,157.5,0.8369102295889339,1,,,1.7027517790999707,2.245414048576242,,,,,,1,,,,,,,,,"[-0.28237646489040846, 1.0941013113717843, 0.204837907329711, 0.35795091668280576]"
traveler (traveler.317),317,157.5,0.6731399780363466,4,,,2.866563471107879,1.9354217045616116,,,,,,4,,,,,,,,,"[-1.476947263557217, -0.3579731527603619, -1.0080607236218861, 0.10937563158068989]"
traveler (traveler.318),318,157.5,0.3794491019262281,4,,,2.792500921060367,2.2582877079429804,,,,,,4,,,,,,,,,"[0.045541369219664465, 0.3839575191958918, 3.8341813759226726, -0.24280890505731578]"
traveler (traveler.319),319,157.5,0.8397570194772804,1,15.042397278824467,1.280633225429085,2.6512003526132712,3.3260328717012344,,,,,2.7658921894537265,0,-1.3532022845053977,-0.05916670785356448,normal,,,,,,"[2.2831266864011113, 0.2982194694892531, -0.2433389799840336, 0.30613877289989894]"
traveler (traveler.320),320,157.5,0.7649916583449003,2,,,3.2623718095935423,2.563257104536552,,,,,,2,,,,,,,,,"[-1.2958076940951078, 0.2576048305173577, 1.4224666479562016, -1.1232308879736412]"
traveler (traveler.321),321,157.5,0.2822401710260371,4,,,2.304704487979543,2.7037625508415966,,,,,,4,,,,,,,,,"[0.8372858738512969, 0.836931768659143, 0.6247945911451979, -0.6136398717490991]"
traveler (traveler.322),322,157.5,0.7216345098164844,2,15.042397278824467,1.280633225429085,2.2448431976837617,3.1750195345246164,,,,,2.2957247848688027,0,-1.0828445673517844,-0.08237588851254785,normal,,,,,,"[2.1844064450886354, -1.1642237430745954, 0.7223273782921253, 0.2868471986209289]"
traveler (traveler.323),323,165.0,2.6039616464199815,2,,,4.464173845532253,0.7904277258468118,,,,,,2,,,,,,,,,"[-1.2021256899470896, 0.25299426895307303, 2.0459187054105725, 0.5429752225691791]"
traveler (traveler.324),324,165.0,1.107776447170923,1,,,1.9420233565637641,1.543009549532356,,,,,,1,,,,,,,,,"[-1.4547887073893562, 1.7644899774430434, 0.8269975926103025, 1.8706257955225805]"
traveler (traveler.325),325,165.0,0.944177285210143,2,7.542397278824467,1.280633225429085,2.944674763953813,1.6670923819477839,,,,,0.6658373704356966,0,-0.8172347796472175,-0.7636288322539149,normal,,,,,,"[1.6454163186460473, 0.8099769075366822, 1.2522378481534813, -0.8846085274835129]"
traveler (traveler.326),326,165.0,0.21591418485464808,4,,,2.411797801243125,2.3029230927888813,,,,,,4,,,,,,,,,"[0.7942035475967789, 2.161759221554798, 0.6006557525113381, 2.040811603889471]"
traveler (traveler.327),327,165.0,0.911404709649324,0,7.542397278824467,1.280633225429085,3.3196958070416125,2.898443633013966,SAV (sav.3),,,,0.23708644293391046,0,0.7731475975166577,0.8434042328431626,normal,,,,,,"[3.23149916902071, 0.33916123768770584, -0.02102952065757747, -0.34564936483329656]"
traveler (traveler.328),328,165.0,0.8763436568489724,2,8.875323454493582,1.280633225429085,1.69888760792263,2.144757631806813,,,,,0.5372574383260547,0,-0.3333642071068865,-0.20761213794461408,normal,,,,,,"[2.1580696502886063, 1.1050801456928765, 1.6555464962848367, -0.7479331599571277]"
traveler (traveler.329),329,165.0,0.788157979439155,3,,,3.2117755005736104,2.161520107928406,,,,,,3,,,,,,,,,"[0.9109401958378843, 0.01698219902866864, -0.9154524655604822, 2.346923374065588]"
traveler (traveler.330),330,165.0,0.9578977838771654,1,,,3.0460281406819005,1.7129666881635497,,,,,,1,,,,,,,,,"[0.32144365097874555, 2.9242639270569275, 0.4029457527333485, 1.1721293369809473]"
traveler (traveler.331),331,165.0,0.46029265151545706,4,,,2.5850631923388847,2.047635569094731,,,,,,4,,,,,,,,,"[-1.3181771850743456, -1.3332867082160889, 1.5172916967697148, -0.3525612586327886]"
traveler (traveler.332),332,165.0,0.5284250611832705,4,,,2.8100226244558,2.9279240792618255,,,,,,4,,,,,,,,,"[-0.260486076576736, 0.17928115527713945, 0.7887841618653808, 0.9808238569592851]"
traveler (traveler.333),333,165.0,0.5241079069007423,4,,,3.006063908064168,2.363660647534549,,,,,,4,,,,,,,,,"[-2.0789166146465563, -0.42139342027829163, -0.5149909788607012, -0.5339991619029567]"
traveler (traveler.334),334,165.0,0.8703250519254057,2,,,1.6298223350449665,2.516016473468446,,,,,,2,,,,,,,,,"[0.5070572110737241, 0.821362686045585, 1.1726809955128354, -0.3426686165590277]"
traveler (traveler.335),335,165.0,0.8310322062258638,0,7.542397278824467,1.280633225429085,3.231874536589295,2.106332385791222,SAV (sav.3),,,,2.811639646172749,0,6.925271683067448,7.242479461648623,normal,,,,,,"[9.579195426973707, 0.7231259347811836, -0.9269313830095725, -0.817703095768494]"
traveler (traveler.336),336,165.0,0.5796967039020448,4,,,2.536573816970967,1.9214581912885904,,,,,,4,,,,,,,,,"[1.8229697884928924, -1.381532305404399, 1.045760782227979, -0.43627024929018204]"
traveler (traveler.337),337,165.0,0.988016724468373,1,,,3.4710949339710226,2.3179239800384797,,,,,,1,,,,,,,,,"[-1.9599710973648583, 1.1301856261207512, 1.0608910094821298, -0.24980926668509207]"
traveler (traveler.271),271,142.5,0.8887214546238053,,,,1.7193172767587126,2.9246884852938915,SAV (sav.1),1,6.142696805273545,1.0,2.1164708713490223,,,,,1.7,3.1,,,,
traveler (traveler.261),261,142.5,2.222582993573732,,,,4.6655778718503935,3.0001476224826935,SAV (sav.1),2,16.591715305482122,1.65465701576271,1.270778424478833,,,,,4.7,2.9,173.87532345449358,"[2.0, 6.142696805273545, 16.591715305482122, 24.618998994745187]","[1.4142135623730951, 5.666271887466955, 8.828549547635335]",
traveler (traveler.338),338,165.0,0.7539927814980857,0,8.875323454493582,1.280633225429085,2.2156841402172582,3.198333449311445,SAV (sav.1),,,,1.5543882818884334,0,0.7920950928289465,1.1645069538569688,normal,,,,,,"[3.451974654054308, -1.5872896286587967, 1.8160895806377537, 1.822451278227398]"
traveler (traveler.339),339,165.0,0.9811617867309368,0,8.875323454493582,1.280633225429085,2.327445730116836,3.4658692849895023,SAV (sav.1),,,,0.5255635341835067,0,1.309388942949798,1.5831159341779637,normal,,,,,,"[4.015803817911791, -1.1980052775302819, 0.059174293325686515, 0.15980950756354437]"
traveler (traveler.340),340,165.0,0.8617292668023697,3,,,1.727378503539144,2.8816193816754296,,,,,,3,,,,,,,,,"[0.3093411457217955, 0.38234098479262996, 0.24674225590601692, 0.8943593313170628]"
traveler (traveler.341),341,165.0,0.611053158467854,4,,,2.4445512069476503,3.108532163342726,,,,,,4,,,,,,,,,"[-1.399856633836375, 1.15414923502273, -0.8937676097510698, 0.08287798534198158]"
traveler (traveler.342),342,165.0,0.3664998687591357,4,,,2.234456462882562,2.752604005699877,,,,,,4,,,,,,,,,"[-0.825837606537783, -1.6187522136129695, 0.7673870208100049, 2.221677743628851]"
traveler (traveler.343),343,172.5,1.5042483960680277,0,1.3753234544935822,1.280633225429085,1.0246188947598733,2.206718852679453,SAV (sav.1),,,,1.8679664767419786,0,0.7389422481135988,0.15225752959197303,normal,,,,,,"[2.9193340476183556, -0.9554336131924664, 0.6044528681168009, 1.4065554735055659]"
traveler (traveler.344),344,172.5,1.5106795086227032,1,,,3.3636195825314146,3.7394812602217096,,,,,,1,,,,,,,,,"[-0.4342502218616441, -0.5809999652408493, -0.07982618128747697, 0.0663362863233427]"
traveler (traveler.345),345,172.5,1.6938515212905123,1,,,1.8974322727798971,0.9169506924005866,,,,,,1,,,,,,,,,"[-0.11266227507504101, 2.055745686972896, 1.142747193797148, 0.4585903193766102]"
traveler (traveler.346),346,172.5,1.5011925168142854,3,,,3.1776625195329626,3.839534427388653,,,,,,3,,,,,,,,,"[-1.4084932522979643, -0.46575306054628113, -0.1294825888735853, 0.3855539458197298]"
traveler (traveler.244),244,135.0,0.7333123934603516,,,,2.097740690356735,1.886865011430702,SAV (sav.4),1,5.810913475705226,1.0,0.15993456877199022,,,,,2.1,1.9,,,,
traveler (traveler.259),259,142.5,1.7428834325348292,,,,2.2463028513187906,0.7756797234401575,SAV (sav.4),2,9.325070919924062,1.1395567677024947,2.303876730074991,,,,,2.1,0.8999999999999999,,,,
traveler (traveler.257),257,142.5,2.737836865353667,,,,0.012469324349173583,3.6436528489824767,SAV (sav.4),3,21.515896086158882,1.7930938303486028,1.5095384890815395,,,,,-0.10000000000000009,3.7,174.46938691798954,"[2.0, 5.810913475705226, 9.325070919924062, 21.515896086158882, 31.515210188966257]","[1.019803902718557, 2.434017465091652, 7.469888789897322, 11.51958013616064]",
traveler (traveler.347),347,172.5,1.4521002082487438,0,1.9693869179895387,1.280633225429085,1.0589516791134672,2.6788148530356155,SAV (sav.4),,,,0.5543136425607,0,0.3707098758850149,-0.26362939229079707,normal,,,,,,"[2.4701108464379353, 0.508445366130926, 0.28248832317069655, -0.4180794870440143]"
traveler (traveler.348),348,172.5,2.1535616404044697,0,1.9693869179895387,1.280633225429085,1.0958484518233513,4.132846033395284,SAV (sav.4),,,,3.0897859646251167,0,-0.6117331822811378,-1.0028699453245316,normal,,,,,,"[2.1792869152800947, 0.004398093259083099, -0.6806046117523977, -0.1411759953692703]"
traveler (traveler.349),349,172.5,3.075434808992802,0,0.042397278824466866,1.280633225429085,4.884012884404826,4.442879777895785,SAV (sav.3),,,,2.312093951731091,0,0.5063008779338469,-0.21358276649582209,normal,,,,,,"[3.5578912441422688, -0.6077034177328566, 2.5973794364317686, -1.0949522817331]"
traveler (traveler.350),350,172.5,3.170363510121727,1,,,4.482971592575023,4.973667004540392,,,,,,1,,,,,,,,,"[0.2860324538319508, 4.577453773305359, 1.3308965426683073, 0.9938584296641132]"
traveler (traveler.290),290,150.0,0.8450936975756046,,,,2.7398981671449922,3.3103284686363184,SAV (sav.0),1,6.204934467079102,1.0,2.32586975374758,,,,,2.7,3.5,,,,
traveler (traveler.280),280,150.0,2.291144729885454,,,,2.643816665524459,4.786626541435946,SAV (sav.0),2,10.976170633407357,1.103971061922885,1.2390094287647537,,,,,2.7,4.7,175.87300612730294,"[2.0, 6.204934467079102, 10.976170633407357, 18.918614789768828]","[1.4422205101855958, 3.13927678503331, 6.263376655395972]",
traveler (traveler.351),351,172.5,2.8194924788602815,0,3.3730061273029435,1.280633225429085,4.827628538704787,4.091126401062063,SAV (sav.0),,,,0.8749612335461997,0,1.9740845872971011,1.5556251735649633,normal,,,,,,"[5.163485349126815, -0.8027268158160467, 2.402053806483037, -0.08279485982691306]"
traveler (traveler.352),352,172.5,1.2256116324485558,3,,,3.0456822032796387,1.4025689968762989,,,,,,3,,,,,,,,,"[-0.12943716832916538, -0.6616126652444093, -0.7376519749696865, 0.08138842945382642]"
traveler (traveler.353),353,172.5,1.5533028150166226,1,,,3.0992974772476773,3.9330359970716486,,,,,,1,,,,,,,,,"[4.414149939355371, 5.318769677718324, 0.90064792812757, 0.2447250625546369]"
traveler (traveler.354),354,172.5,0.943739511385237,2,,,1.6579920258543566,2.0737760719706184,,,,,,2,,,,,,,,,"[-1.765290092155315, -0.9727442203595354, 1.409437414862931, 0.9269277563976118]"
traveler (traveler.355),355,172.5,0.8771865395360077,3,,,2.9911028915745135,1.773175279018175,,,,,,3,,,,,,,,,"[0.08944836140633465, 0.13977974151285652, -0.8370847200285145, 3.540311923882549]"
traveler (traveler.356),356,172.5,0.8190633722802231,2,,,2.8167393983878206,3.2553416189513014,,,,,,2,,,,,,,,,"[-0.51016639499072, -0.07829588951057125, 2.536630812815512, 0.277674868496396]"
traveler (traveler.357),357,172.5,0.5323413617963881,4,,,2.543248353447427,3.030581667044122,,,,,,4,,,,,,,,,"[4.485298018697008, 2.3522653230013586, 0.08430678516395804, -0.7765023954284062]"
traveler (traveler.358),358,172.5,0.7746996416879817,1,,,3.273424918465648,2.5444233083852756,,,,,,1,,,,,,,,,"[-1.9935789340033008, 0.9541881213938407, 0.07692478438098152, 0.8897917789021026]"
traveler (traveler.359),359,172.5,0.15150521321564556,4,,,2.492385180734756,2.6513137275962624,,,,,,4,,,,,,,,,"[-0.07171129377376802, 1.773045565734725, -0.2527203881341813, -0.2643288258063373]"
traveler (traveler.360),360,172.5,0.7319617901988346,0,3.3730061273029435,1.280633225429085,3.231930129808068,2.4931921082391506,SAV (sav.0),,,,1.585267971657082,0,1.1585027341743295,0.8081759427617867,normal,,,,,,"[3.0815600993142147, -0.05807546682294587, 0.17762059508328265, -0.6721430062988244]"
traveler (traveler.361),361,172.5,0.555555176215046,4,,,2.8971660760469122,2.111540656108224,,,,,,4,,,,,,,,,"[1.0434752433657304, 1.3567521999004168, 0.2668584303143557, 1.0249894405631799]"
traveler (traveler.362),362,172.5,0.9568628196129283,1,,,1.604164675309441,2.836252177084646,,,,,,1,,,,,,,,,"[-2.2835971840022427, 2.013915543951705, -0.9477607934901278, 2.3987714701320013]"
traveler (traveler.363),363,172.5,0.2876064611492965,4,,,2.7693398771704434,2.3991361954880133,,,,,,4,,,,,,,,,"[3.073919016883595, -1.0532110509966963, 0.7000166332800514, 2.0970475845186245]"
traveler (traveler.364),364,172.5,0.7315574932709922,2,,,1.9926735298085998,3.0270637709082955,,,,,,2,,,,,,,,,"[0.037731522318401135, 0.8216480083720932, 3.3869346538004454, 0.24813664207706712]"
traveler (traveler.365),365,172.5,0.6118824389454999,4,,,2.7064833654489187,3.0759902246416875,,,,,,4,,,,,,,,,"[-1.5746661894358978, 0.23865717888656132, 0.33725897526784404, 0.33911308470855933]"
traveler (traveler.366),366,180.0,1.842356476622571,1,,,0.6830003560569481,2.8046139866518875,,,,,,1,,,,,,,,,"[0.45658530219942794, 0.09742480523329577, -0.9306638414452274, 0.23016550062177976]"
traveler (traveler.367),367,180.0,2.5111975785373892,3,,,2.8026438372443616,0.00710610209137541,,,,,,3,,,,,,,,,"[-1.02658559675265, 0.040728357809611586, -0.703363602765109, 1.5756953658065886]"
traveler (traveler.368),368,180.0,0.9911051700235269,3,,,2.0055450015069205,1.6410449880741291,,,,,,3,,,,,,,,,"[-2.5519294069330134, -0.8569387742475497, -0.7618368704533655, 0.9664234351078801]"
traveler (traveler.369),369,180.0,0.5780250095540591,4,,,1.9624248463747858,2.7124284959105003,,,,,,4,,,,,,,,,"[4.273958208454447, 0.007096478850485989, -0.8094155811021783, -0.20064994802001607]"
traveler (traveler.370),370,180.0,0.9369293625358512,3,,,2.0530873330515647,3.32347173509652,,,,,,3,,,,,,,,,"[-0.33311288079636475, -1.0996379196613526, -0.928780577212533, 2.022139286487541]"
traveler (traveler.371),371,180.0,0.14271759197881623,4,,,2.6426183891165067,2.505320352060207,,,,,,4,,,,,,,,,"[2.8122232028637772, 0.8989424246626627, -0.8415993055912202, 0.34969247050446883]"
traveler (traveler.372),372,180.0,0.6892792643409307,4,,,2.3622652620115696,3.1753777063256035,,,,,,4,,,,,,,,,"[4.256310642833291, 1.2363020879887618, 1.2676393839631255, 1.4663719175992518]"
traveler (traveler.373),373,180.0,0.7174219227826437,2,,,3.2004200162421634,2.6552611224243634,,,,,,2,,,,,,,,,"[-0.9197412381712591, -0.06546877872927273, 0.5776029155509045, -0.24128452610830795]"
traveler (traveler.374),374,180.0,0.3119710829486024,4,,,2.671644030074984,2.7605077417961734,,,,,,4,,,,,,,,,"[2.780427176224768, -0.3991023420174992, 0.13364176627677124, 0.11295939921304386]"
traveler (traveler.375),375,180.0,0.9084562683766397,3,,,2.2902331799490243,3.383906484170419,,,,,,3,,,,,,,,,"[0.7831639207113906, 0.2838576886843156, 0.04938715860434187, 1.6925286159301396]"
traveler (traveler.376),376,180.0,0.8840030209796106,3,,,3.315648536391373,2.840850122757333,,,,,,3,,,,,,,,,"[-0.6503390332062998, -0.5014457862145434, -0.5121140403501085, 2.216168635735602]"
traveler (traveler.377),377,180.0,0.43930527541133285,4,,,2.431848276366388,2.0660132864130576,,,,,,4,,,,,,,,,"[5.236911701713468, -0.7728283554742145, 1.7382277787544542, -0.02343611321879101]"
traveler (traveler.378),378,180.0,0.6338260355755106,4,,,3.049008650074927,2.8167411332875396,,,,,,4,,,,,,,,,"[0.316762942117788, 2.845163793771503, 0.4826135149544228, -1.0719468173353526]"
traveler (traveler.338),338,165.0,0.7539927814980857,,,,2.2156841402172582,3.198333449311445,SAV (sav.1),1,4.987615979999814,1.0,1.5543882818884334,,,,,2.3,3.1,,,,
traveler (traveler.339),339,165.0,0.9811617867309368,,,,2.327445730116836,3.4658692849895023,SAV (sav.1),2,7.244694702109231,1.167569897884769,0.5255635341835067,,,,,2.3,3.5,,,,
traveler (traveler.343),343,172.5,1.5042483960680277,,,,1.0246188947598733,2.206718852679453,SAV (sav.1),3,14.039541284511587,1.7402707999104714,1.8679664767419786,,,,,0.8999999999999999,2.3,193.9823110727791,"[2.0, 4.987615979999814, 7.244694702109231, 14.039541284511587, 20.106987618285533]","[0.8944271909999161, 1.460112615949154, 4.067793578030214, 6.3481444282284905]",
traveler (traveler.379),379,180.0,0.9804843124446521,0,13.982311072779112,1.280633225429085,3.3892067200931604,2.086888760875202,SAV (sav.1),,,,1.0819810830915977,0,0.01009280949357283,1.0107519689886808,normal,,,,,,"[3.4430067701367273, 1.295783876217629, -0.8275457819758126, 2.036771520974159]"
traveler (traveler.380),380,180.0,0.3479621529266644,4,,,2.527927201572576,2.846839633377854,,,,,,4,,,,,,,,,"[1.2694968716696693, -0.3628578115533815, -0.8527472387508763, 2.0653380799805703]"
traveler (traveler.381),381,180.0,0.6705919411060788,4,,,3.0334050297255013,2.0935856477190358,,,,,,4,,,,,,,,,"[4.756942472451331, 0.06874613109188359, 0.655143792451158, 0.15213971479555866]"
traveler (traveler.382),382,180.0,0.4081494624919205,4,,,2.420824409497097,2.900396315668564,,,,,,4,,,,,,,,,"[2.6571691520368375, 2.888607229271299, -0.7474208293195957, 1.0277691269154292]"
traveler (traveler.383),383,180.0,0.36555402121798847,4,,,2.66876289877394,2.824266597764954,,,,,,4,,,,,,,,,"[1.5149261466256332, 4.563794057588097, 0.41453245186109916, 0.4458595822243555]"
traveler (traveler.384),384,187.5,1.95863483056229,2,,,0.623359511117807,1.9392229721361842,,,,,,2,,,,,,,,,"[-0.740922917066111, -0.12719573892174893, 2.1409922280083142, 0.17644507527391828]"
traveler (traveler.385),385,187.5,1.6770405436440465,1,,,2.787830057262495,0.8478441831467021,,,,,,1,,,,,,,,,"[-3.268521345480797, -0.24861942326726869, 0.30563222126692713, -0.12369918687006862]"
traveler (traveler.386),386,187.5,2.306660541616376,1,,,1.2816849287742067,0.5413292156480087,,,,,,1,,,,,,,,,"[0.7919766747698784, 0.19327816263232372, 1.1493509975426155, -0.5402874968216619]"
traveler (traveler.387),387,187.5,0.9694700680747127,3,,,3.256387213699573,3.106424435395363,,,,,,3,,,,,,,,,"[-1.0739259492180253, -0.3751582317216059, 0.4060142479620392, 0.571721357411855]"
traveler (traveler.388),388,187.5,0.8499174221073504,0,6.482311072779112,1.280633225429085,1.9537552314487647,1.8488653923864808,SAV (sav.1),,,,0.8902975415901317,0,4.035973488703471,4.029071362897758,normal,,,,,,"[6.377859901739747, 0.02969841535776518, 2.4402025149562103, 1.7445628790054217]"
traveler (traveler.389),389,187.5,0.8283115866210418,1,,,2.1656380640728834,1.742172723944474,,,,,,1,,,,,,,,,"[-2.1101686915537523, 0.496691188262146, 0.19611042145048677, -0.8296887077873266]"
traveler (traveler.390),390,187.5,0.5014509079024573,4,,,2.9896079308973578,2.6083378375204473,,,,,,4,,,,,,,,,"[-0.0014126266679991035, 1.3711304597595946, 0.7426633646951143, -0.3104494096797317]"
traveler (traveler.391),391,187.5,0.7367226463889669,1,,,1.7648850369984457,2.548644104201702,,,,,,1,,,,,,,,,"[2.4816485113590185, 2.1029595516078037, -0.6555571671646003, -0.806536745852453]"
traveler (traveler.392),392,187.5,0.9961068366626987,2,,,3.475763778813938,2.700284492662094,,,,,,2,,,,,,,,,"[1.2077225930968394, -0.24742387504365052, 4.745117390276787, 0.06857731948702776]"
traveler (traveler.292),292,150.0,0.9434214170257219,,,,2.2175325300614475,1.5998577342834446,SAV (sav.2),1,5.810913475705226,1.0,1.8529169265756602,,,,,2.1,1.7,,,,
traveler (traveler.306),306,157.5,1.524569884568989,,,,2.402490099435922,0.9785516268283423,SAV (sav.2),2,8.798529455705038,1.18189201643799,1.906978134980458,,,,,2.3,1.0999999999999999,,,,
traveler (traveler.284),284,150.0,2.118255402668236,,,,1.9661545014827309,0.4501183120370045,SAV (sav.2),3,12.39006363119184,1.2356350947224894,0.9942346422787469,,,,,1.9,0.5,,,,
traveler (traveler.305),305,157.5,2.6559985311381658,,,,0.2860145138802328,1.032827050188318,SAV (sav.2),4,20.159639725293093,1.7183540151265078,2.3732591634105855,,,,,0.09999999999999964,1.0999999999999999,196.23942971341867,"[2.0, 5.810913475705226, 8.798529455705038, 12.39006363119184, 20.159639725293093, 29.89158759391021]","[1.2649110640673518, 2.1593382550672677, 3.1791421577858245, 5.862423730785572, 9.791800271663273]",
traveler (traveler.393),393,187.5,0.887208954985848,0,8.739429713418673,1.280633225429085,1.697670532827719,2.878691372906915,SAV (sav.2),,,,0.2572269364771886,0,0.20850791677490887,0.4385730360407143,normal,,,,,,"[2.8112005807515774, -0.6691164468762463, -1.0653499304719567, -0.9779754477087415]"
traveler (traveler.394),394,187.5,0.7316002118780668,1,,,3.040529836941031,2.006982388350543,,,,,,1,,,,,,,,,"[0.8392606245397692, 0.34246331248404377, 0.3449905056050597, -0.35979517220098334]"
traveler (traveler.395),395,187.5,0.707466242500274,3,,,2.049324433517881,3.045343944729817,,,,,,3,,,,,,,,,"[-0.059670322391523097, -0.4771536570800529, -0.7969617885251913, 0.2696685192069412]"
traveler (traveler.396),396,187.5,0.7222062661429135,3,,,2.3183306958407575,1.8010163415483982,,,,,,3,,,,,,,,,"[-0.8542957901065812, -0.14135587881661021, -0.216728125854922, 2.0750405426965353]"
traveler (traveler.397),397,187.5,0.9728891619580898,3,,,1.5276995550893788,2.533840305585538,,,,,,3,,,,,,,,,"[0.04271916399249396, 0.2599404559591936, 0.9468537421114511, 2.634490700495899]"
traveler (traveler.398),398,187.5,0.7198156541660649,0,8.739429713418673,1.280633225429085,2.9070846922347897,3.0936468894305995,SAV (sav.2),,,,0.1141923921611931,0,2.324082092512817,2.5404273382878326,normal,,,,,,"[4.806046949223089, 2.80293436843225, 0.4364038704222486, 0.21216556385907007]"
traveler (traveler.399),399,187.5,0.9222971829509632,0,6.482311072779112,1.280633225429085,1.7095491173394572,2.0247953117019453,SAV (sav.1),,,,2.732350421920847,0,0.11920729252398488,0.28899487899959464,normal,,,,,,"[2.684052943665595, 0.5098578545990341, 2.010736788077538, 0.5354855381123377]"
traveler (traveler.400),400,187.5,0.6541995801426028,4,,,1.9248463717792548,2.8117296819413746,,,,,,4,,,,,,,,,"[-1.1830871433793781, 0.054861785148708764, 0.7231221356641068, 1.8677204364659585]"
traveler (traveler.401),401,187.5,0.4411742701893052,4,,,2.9255353956903694,2.6164232094202307,,,,,,4,,,,,,,,,"[3.5088657056433052, -0.23424348595978892, 1.1247739051933234, 1.6058012364826466]"
traveler (traveler.402),402,187.5,0.7321102383921375,1,,,1.9701131199552275,3.005178478871586,,,,,,1,,,,,,,,,"[1.4374215089640392, 1.6835753931905288, 1.3818330144459317, -0.01832561646166172]"
traveler (traveler.403),403,187.5,0.49219364506893903,4,,,2.3758734285606713,2.0237152338054827,,,,,,4,,,,,,,,,"[1.567895006332848, -0.7112177938540808, 7.8211882713528835, -0.10730191648109132]"
traveler (traveler.404),404,187.5,0.20235153318319204,4,,,2.670282105144045,2.3906832691245254,,,,,,4,,,,,,,,,"[-1.4627286998690268, -0.13166555476037403, 0.7274716167448246, 0.6202530940369672]"
traveler (traveler.405),405,187.5,0.8141058293971086,2,9.629444596835668,1.280633225429085,2.9565482117089354,1.8259584346320124,,,,,1.1179887859658353,0,0.13412673836721156,0.4863732947689021,normal,,,,,,"[2.812268895109951, -0.7429656973491614, 2.0491213138487545, 1.0904397123400777]"
traveler (traveler.406),406,187.5,0.8079627479209548,2,,,2.70621890945812,3.2812026391467737,,,,,,2,,,,,,,,,"[-0.7508371645375657, 0.4242587029638145, 2.2000399356805884, -0.026041869471501375]"
traveler (traveler.407),407,187.5,0.47624003655003955,4,,,2.8177328758559073,2.1452460119836316,,,,,,4,,,,,,,,,"[1.5546106020759738, 3.0907060678278495, 0.5477135925986785, 1.3005581514393896]"
traveler (traveler.408),408,195.0,2.2274199268315487,2,,,0.3066248229426094,2.887949562591224,,,,,,2,,,,,,,,,"[-2.1046276754141973, 1.4328713165418134, 2.9540161202345048, 0.45292778579482346]"
traveler (traveler.347),347,172.5,1.4521002082487438,,,,1.0589516791134672,2.6788148530356155,SAV (sav.4),1,7.399775527382963,1.0,0.5543136425607,,,,,1.0999999999999999,2.7,,,,
traveler (traveler.348),348,172.5,2.1535616404044697,,,,1.0958484518233513,4.132846033395284,SAV (sav.4),2,14.091441516212164,1.3333289145303042,3.0897859646251167,,,,,0.8999999999999999,4.3,197.12944459683567,"[2.0, 7.399775527382963, 14.091441516212164, 22.660057678846123]","[2.0000000000000004, 4.2803508501982765, 7.686228123383557]",
traveler (traveler.409),409,195.0,1.0182293860151557,0,2.1294445968356683,1.280633225429085,2.916038973544795,3.429356043202278,SAV (sav.4),,,,0.8693018416148108,0,0.972467934531027,0.3894523416715008,normal,,,,,,"[2.845836079361257, -0.1585076217731322, -0.45236064252498687, 0.1591907024822545]"
traveler (traveler.410),410,195.0,1.4786062371236748,1,,,1.2099060936204427,1.7775499206288599,,,,,,1,,,,,,,,,"[0.762831766398958, 0.5133546466281677, -0.05154693334572017, 0.8924359251165224]"
traveler (traveler.411),411,195.0,1.156690938792173,3,,,1.360036153414676,2.69600090908542,,,,,,3,,,,,,,,,"[-1.649187525318342, -0.9964362450176519, -0.931880074058704, 0.451251225013483]"
traveler (traveler.412),412,195.0,2.3873026072720775,1,,,4.737647936974998,1.66804720756548,,,,,,1,,,,,,,,,"[0.5982211436034448, 1.4676512756317992, 1.5105197903844445, 2.5918759682943393]"
traveler (traveler.413),413,195.0,2.3585774686380665,0,2.1294445968356683,1.280633225429085,4.028766228551639,0.7039594954436168,SAV (sav.4),,,,2.8145723351989576,0,-0.3130176821447268,-0.7094429292596618,normal,,,,,,"[2.6037724627385885, 0.8124781228535268, -1.6447327348630618, 2.122131493308603]"
traveler (traveler.414),414,195.0,1.7698048080968967,0,1.239429713418673,1.280633225429085,0.7455423057185018,2.732566673750437,SAV (sav.2),,,,2.082199541417106,0,1.6914834836811057,1.1074249752127479,normal,,,,,,"[4.044261231609226, 0.9833823940958265, -1.7086008333937446, -0.5475763237193348]"
traveler (traveler.415),415,195.0,1.1864709738724546,1,,,1.6370374422526575,3.314253643386393,,,,,,1,,,,,,,,,"[0.9949070728264944, 0.3036439423451215, -0.8738364693956894, -0.0940317096787349]"
traveler (traveler.416),416,195.0,2.34994821650848,0,1.239429713418673,1.280633225429085,0.4421604112423494,3.6347038588165326,SAV (sav.2),,,,1.759158564630108,0,0.4999644171528823,-0.1150801818088838,normal,,,,,,"[3.1926188697152034, 1.4742145157464601, 2.1426800221121964, -0.564054055459189]"
traveler (traveler.417),417,195.0,0.914482612849636,2,,,1.6819933089856158,2.091168124212415,,,,,,2,,,,,,,,,"[-0.19324119180618776, 0.8004356715894821, 1.2893661562790226, -0.5803744935360314]"
traveler (traveler.418),418,195.0,0.48178320618998705,4,,,2.473240458183705,2.018960516497361,,,,,,4,,,,,,,,,"[-0.061047065139144485, -1.533739314367226, 1.6487690989096742, -0.5348629486664932]"
traveler (traveler.360),360,172.5,0.7319617901988346,,,,3.231930129808068,2.4931921082391506,SAV (sav.0),1,4.885618083164127,1.0,1.585267971657082,,,,,3.1,2.5,,,,
traveler (traveler.351),351,172.5,2.8194924788602815,,,,4.827628538704787,4.091126401062063,SAV (sav.0),2,13.052069414985063,1.1125236457876928,0.8749612335461997,,,,,4.9,4.1,198.6570234109051,"[2.0, 4.885618083164127, 13.052069414985063, 22.784017283602175]","[0.8485281374238572, 4.254405410609138, 8.333621021483367]",
traveler (traveler.419),419,195.0,0.7458817011835568,0,3.6570234109051114,1.280633225429085,1.7894510796228518,2.726847402258315,SAV (sav.0),,,,1.3651468565170868,0,-0.6127435837037869,-0.946725352946268,normal,,,,,,"[1.3355572535771012, -0.27535413401475034, -0.7283998803029377, -1.6560639219820954]"
traveler (traveler.420),420,195.0,0.5741706568953101,4,,,2.2396570462985492,1.9882446974406653,,,,,,4,,,,,,,,,"[-1.6818248244339506, 0.03584797070901265, -0.46403152963542765, -1.0836634604752795]"
traveler (traveler.421),421,195.0,0.49796715284735993,4,,,2.750858008432213,2.06983544437003,,,,,,4,,,,,,,,,"[1.2394952664161911, 1.393846224721655, 2.1335946618129573, -0.2561837459100019]"
traveler (traveler.422),422,195.0,0.68825716829233,4,,,2.954642498105075,3.0167186164853685,,,,,,4,,,,,,,,,"[3.4012669895190433, -1.6523403892591537, 1.3434023697577482, 0.49898057714625543]"
traveler (traveler.423),423,195.0,0.9591357794520432,3,,,3.446414801656771,2.6556935022088384,,,,,,3,,,,,,,,,"[-0.49060488677768305, -0.001049533929274335, -0.4759141217101245, 1.2477993414543438]"
traveler (traveler.424),424,195.0,0.26962577306973096,4,,,2.328643847262373,2.2918290932372893,,,,,,4,,,,,,,,,"[-1.051372386108432, 0.42531321061877214, 5.1485462368467925, -0.22894964318887706]"
traveler (traveler.425),425,195.0,0.952377569825554,3,,,2.4262780612086763,3.4495199372565466,,,,,,3,,,,,,,,,"[-0.9231439894136025, -0.2576967658851691, 0.18358912024490032, 1.1886852473756309]"
traveler (traveler.426),426,195.0,0.7540349113872137,0,3.6570234109051114,1.280633225429085,2.5486882332421956,1.7475386365171455,SAV (sav.0),,,,0.8165703317010876,0,2.182246059121243,1.7956448296184115,normal,,,,,,"[4.0831394617919035, 1.0253368497086055, 0.40573123246624787, -1.4612273429638731]"
traveler (traveler.427),427,195.0,0.6182458104887908,4,,,2.2497322860427884,1.9346735867327858,,,,,,4,,,,,,,,,"[2.4278404150187445, 1.6192810999551321, -1.0551512070035018, 4.331965034432186]"
traveler (traveler.428),428,202.5,2.061266545105883,2,,,1.9944132251435724,0.5017002769696888,,,,,,2,,,,,,,,,"[-2.4680628883724514, 0.8681034964012371, 3.483964171430405, -0.07935329248699322]"
traveler (traveler.429),429,202.5,1.211979580459036,3,,,1.7703527874830112,3.4677341828807378,,,,,,3,,,,,,,,,"[1.8762164656447449, 1.0611398891548296, 0.9764840208963058, 2.7164941118022665]"
traveler (traveler.335),335,165.0,0.8310322062258638,,,,3.231874536589295,2.106332385791222,SAV (sav.3),1,4.987615979999814,1.0,2.811639646172749,,,,,3.1,2.3,,,,
traveler (traveler.327),327,165.0,0.911404709649324,,,,3.3196958070416125,2.898443633013966,SAV (sav.3),2,7.975231959999627,1.3724575307037652,0.23708644293391046,,,,,3.3,2.9,,,,
traveler (traveler.304),304,157.5,1.996826621439469,,,,3.0827772400767035,4.409891945775453,SAV (sav.3),3,13.419676404444072,1.4972558381309449,1.334800472587361,,,,,3.1,4.3,,,,
traveler (traveler.349),349,172.5,3.075434808992802,,,,4.884012884404826,4.442879777895785,SAV (sav.3),4,19.48712273821802,1.5786832341993189,2.312093951731091,,,,,4.7,4.5,202.37342936887745,"[2.0, 4.987615979999814, 7.975231959999627, 13.419676404444072, 19.48712273821802, 29.83103209005297]","[0.8944271909999161, 1.788854381999832, 3.788854381999832, 6.069205232198108, 10.273964440523837]",
traveler (traveler.430),430,202.5,1.6145585163818068,0,0.0,1.280633225429085,2.085630318884499,0.9395202756225063,SAV (sav.3),,,,0.5046196077959805,0,3.1241197887318046,2.22527142812772,normal,,,,,,"[5.062864854486202, 0.8737891188095939, 1.2609686990789684, -0.33902361019327376]"
traveler (traveler.431),431,202.5,0.3001789044010973,4,,,2.2014847439957737,2.4684402696435104,,,,,,4,,,,,,,,,"[1.9927116972097074, 0.5922008732594876, 1.4229176633638752, -1.1268423636891938]"
traveler (traveler.432),432,202.5,0.8610017429857614,1,,,2.7687935500377314,1.6820305452630688,,,,,,1,,,,,,,,,"[-0.42131587342014165, -0.5764431251569938, -0.7923590669896649, -0.7514449916679256]"
traveler (traveler.433),433,202.5,0.7782863777577721,1,,,3.061070772163627,3.039378600267961,,,,,,1,,,,,,,,,"[0.7258524242553626, 1.3714606076944353, -1.0843636018035816, -0.3373041004772826]"
traveler (traveler.434),434,202.5,0.976492608011829,0,0.0,1.280633225429085,2.4006385705006297,3.47142427385236,SAV (sav.3),,,,1.2554026985822606,0,-0.1262012859585171,-0.9530345324943814,normal,,,,,,"[1.476668529477082, -1.2073678277125035, -0.5986370203134431, -0.4898729619713891]"
traveler (traveler.435),435,202.5,0.7028462241318179,1,,,3.1783932170440976,2.6837810051254305,,,,,,1,,,,,,,,,"[0.2763944247924966, 1.4689072324339827, -1.307324831649413, 0.29620690289460805]"
traveler (traveler.436),436,202.5,0.8790751484512621,0,0.0,1.280633225429085,2.299304591609009,3.355858907574947,SAV (sav.3),,,,1.729713238961237,0,0.6985399239159462,-0.08279745558676721,normal,,,,,,"[2.2846304674741615, 1.223000235183097, 0.6998781222507977, 1.4694891888111743]"
traveler (traveler.399),399,187.5,0.9222971829509632,,,,1.7095491173394572,2.0247953117019453,SAV (sav.1),1,5.666666666666667,1.0,2.732350421920847,,,,,1.9,1.9,,,,
traveler (traveler.388),388,187.5,0.8499174221073504,,,,1.9537552314487647,1.8488653923864808,SAV (sav.1),2,5.666666666666667,1.0,0.8902975415901317,,,,,1.9,1.9,,,,
traveler (traveler.379),379,180.0,0.9804843124446521,,,,3.3892067200931604,2.086888760875202,SAV (sav.1),3,11.694981555104338,1.7546904386811137,1.0819810830915977,,,,,3.3,2.1,210.34227540621026,"[2.0, 5.666666666666667, 5.666666666666667, 11.694981555104338, 16.359964333431147]","[1.2000000000000002, 1.2000000000000002, 3.2, 4.464911064067351]",
traveler (traveler.437),437,202.5,0.8615410578153545,0,7.842275406210263,1.280633225429085,2.460708272424313,1.63935538435094,SAV (sav.1),,,,0.8671284414012768,0,2.486557941097586,2.6567991311379933,normal,,,,,,"[5.013018201751459, -0.5732711913859401, 1.2312730168756505, 0.12428703105785369]"
traveler (traveler.438),438,202.5,0.5321294131526317,4,,,2.2174259433046757,2.049096889759106,,,,,,4,,,,,,,,,"[-0.5538164643119292, -0.6173418287420498, 3.5190679574344688, 0.2348246000360802]"
traveler (traveler.439),439,202.5,0.9859307766163677,1,,,2.2812062291855293,1.538652621508677,,,,,,1,,,,,,,,,"[1.8697794612055822, 2.50595740925055, 0.17724676457202931, 1.6106435650879125]"
traveler (traveler.419),419,195.0,0.7458817011835568,,,,1.7894510796228518,2.726847402258315,SAV (sav.0),1,4.987615979999814,1.0,1.3651468565170868,,,,,1.9,2.7,,,,
traveler (traveler.426),426,195.0,0.7540349113872137,,,,2.5486882332421956,1.7475386365171455,SAV (sav.0),2,9.652598758326624,1.7505119967959242,0.8165703317010876,,,,,2.5,1.7,211.82377961345057,"[2.0, 4.987615979999814, 9.652598758326624, 13.16675620254546]","[0.8944271909999161, 2.5436694412469807, 3.675040291145457]",
traveler (traveler.440),440,202.5,0.9402027668415832,0,9.323779613450569,1.280633225429085,1.683461752259472,2.966097128025261,SAV (sav.0),,,,0.8176169836164957,0,2.8890757675766436,3.2499634084792586,normal,,,,,,"[5.656467806575555, 0.39065884942539303, 0.7632748217717568, 0.24415413812835499]"
traveler (traveler.441),441,202.5,0.4482654546632862,4,,,2.346639392277869,2.9212154340044787,,,,,,4,,,,,,,,,"[1.2283250837290927, 0.5366070003445257, 0.4015479904279069, -0.0889726052010869]"
traveler (traveler.442),442,202.5,0.9864744443071878,0,9.323779613450569,1.280633225429085,1.642790839669715,2.9881846830012417,SAV (sav.0),,,,2.1763345370858254,0,6.0260602781722135,6.517276106803606,normal,,,,,,"[8.953360162948801, -0.761528895721416, 0.8757144031343606, 0.22486177379798053]"
traveler (traveler.443),443,202.5,0.4743783012439572,4,,,2.878503835730782,2.7859538757005886,,,,,,4,,,,,,,,,"[0.214665230496976, 0.014161206206934982, 0.14116442595773726, 3.2249534931502293]"
traveler (traveler.444),444,202.5,0.457508950389286,4,,,2.1096754674839424,2.7386654541453943,,,,,,4,,,,,,,,,"[0.013786319493234842, -0.7961628361678542, 1.844987379099225, 1.7468803387172007]"
traveler (traveler.445),445,210.0,1.292422598588385,1,,,3.6973153342947755,2.0133870494894905,,,,,,1,,,,,,,,,"[1.227568329001767, 0.5751260959289956, 0.42784241431926145, 0.6840925455091866]"
traveler (traveler.446),446,210.0,0.5693945351624164,4,,,2.291133187323693,3.0297025497722894,,,,,,4,,,,,,,,,"[-3.3176034719095577, 3.859715429043708, -1.363624892990455, -0.4397033464984379]"
traveler (traveler.447),447,210.0,0.5742857590139148,4,,,2.776917955012235,3.0031109014899497,,,,,,4,,,,,,,,,"[-2.023919189259439, -0.5190886589129258, -0.6941196996137211, 0.789751823979659]"
traveler (traveler.448),448,210.0,0.8111562545684222,1,,,2.5730063979360276,1.692135818849556,,,,,,1,,,,,,,,,"[-1.2443247313033212, 1.8874505734285059, 1.5528717713327218, -0.8307757626987928]"
traveler (traveler.449),449,210.0,0.8051313064149632,2,,,2.1937549591923853,3.244614259566796,,,,,,2,,,,,,,,,"[3.5608995571670174, -0.7881518018991194, 3.670351944442183, -0.32870226345176606]"
traveler (traveler.450),450,210.0,0.700174361814479,0,0.34227540621026264,1.280633225429085,2.6889401929009087,1.8257999255051358,SAV (sav.1),,,,2.435853617724296,0,4.739660076406786,4.0711983853600975,normal,,,,,,"[6.324262092917305, 1.7136736688986105, 2.5260476795331575, 0.5351376665395492]"
traveler (traveler.409),409,195.0,1.0182293860151557,,,,2.916038973544795,3.429356043202278,SAV (sav.4),1,6.142696805273545,1.0,0.8693018416148108,,,,,2.9,3.5,,,,
traveler (traveler.413),413,195.0,2.3585774686380665,,,,4.028766228551639,0.7039594954436168,SAV (sav.4),2,15.093160725272798,1.5589748696427728,2.8145723351989576,,,,,3.9000000000000004,0.8999999999999999,219.9040703791631,"[2.0, 6.142696805273545, 15.093160725272798, 22.774625782327423]","[1.5231546211727818, 5.462697741891224, 8.469357017565807]",
traveler (traveler.451),451,217.5,1.1821603884827587,0,2.4040703791631017,1.280633225429085,1.3899419416179888,2.9065394090600156,SAV (sav.4),,,,1.3230259908017026,0,1.0698236948476305,0.5665497168092757,normal,,,,,,"[3.12772807752106, -0.16505647064239867, 1.8420732033351825, -0.5520066156733131]"
traveler (traveler.452),452,217.5,0.3149897142323794,4,,,2.621309138870557,2.209306668637411,,,,,,4,,,,,,,,,"[0.4244531917849248, -0.8548614500223384, 0.9211469718735824, 0.30614535424638883]"
traveler (traveler.450),450,210.0,0.700174361814479,,,,2.6889401929009087,1.8257999255051358,SAV (sav.1),1,4.885618083164127,1.0,2.435853617724296,,,,,2.5,1.9,,,,
traveler (traveler.437),437,202.5,0.8615410578153545,,,,2.460708272424313,1.63935538435094,SAV (sav.1),2,7.142696805273545,1.1627949468613676,0.8671284414012768,,,,,2.5,1.7,221.62766901675735,"[2.0, 4.885618083164127, 7.142696805273545, 11.28539361054709]","[0.8485281374238572, 1.1313708498984762, 2.2627416997969525]",
traveler (traveler.453),453,217.5,0.9540562661827018,0,4.127669016757352,1.280633225429085,3.4527812590737685,2.45069248130069,SAV (sav.1),,,,0.8192442180885726,0,3.6108768434407392,3.286605542076048,normal,,,,,,"[5.701965935799378, -0.18823422975877263, 0.46702394326374835, 1.502357256338176]"
traveler (traveler.454),454,217.5,0.4758097021566139,4,,,2.205209775751113,2.126511584712917,,,,,,4,,,,,,,,,"[0.49561020848730536, 1.6402072229134825, 0.023261619008032447, 1.4181767948222863]"
traveler (traveler.455),455,217.5,0.08664438897927164,4,,,2.4518077080673146,2.4279947700519875,,,,,,4,,,,,,,,,"[0.5607936261922447, -0.6856539415348897, 1.6553070289304257, 2.159122202023104]"
traveler (traveler.456),456,217.5,0.20288860587003518,4,,,2.405137474103869,2.3206542791910207,,,,,,4,,,,,,,,,"[2.538263994187757, 0.6286433310636887, 1.3735146527928916, 1.3437790798727707]"
traveler (traveler.434),434,202.5,0.976492608011829,,,,2.4006385705006297,3.47142427385236,SAV (sav.3),1,6.204934467079102,1.0,1.2554026985822606,,,,,2.3,3.5,,,,
traveler (traveler.436),436,202.5,0.8790751484512621,,,,2.299304591609009,3.355858907574947,SAV (sav.3),2,6.204934467079102,1.0,1.729713238961237,,,,,2.3,3.5,,,,
traveler (traveler.430),430,202.5,1.6145585163818068,,,,2.085630318884499,0.9395202756225063,SAV (sav.3),3,15.400085095783892,1.8819450645248033,0.5046196077959805,,,,,2.1,0.8999999999999999,224.0831534467575,"[2.0, 6.204934467079102, 6.204934467079102, 15.400085095783892, 21.583153446757496]","[1.4422205101855958, 1.4422205101855958, 5.130038293102751, 7.462419051040872]",
traveler (traveler.457),457,225.0,0.9868238293350022,0,0.0,1.280633225429085,2.8657480756029194,1.5834577940235601,SAV (sav.3),,,,1.4576557667094063,0,1.3293465475032105,0.5219134152621017,normal,,,,,,"[2.9582208194728135, -0.11909070969729728, 0.9085081229702143, 0.7337508404093509]"
traveler (traveler.458),458,225.0,0.4674530392530318,4,,,2.8373351472197674,2.176399409213898,,,,,,4,,,,,,,,,"[-1.1712868699129084, -0.15938934970718094, 0.18917897451853882, -0.15695118595057755]"
traveler (traveler.459),459,225.0,0.39315346340363294,4,,,2.1127760985361967,2.56802423039934,,,,,,4,,,,,,,,,"[-1.4733763542503509, 3.4393494189806915, 1.2625138085563525, 0.30468827190536785]"
traveler (traveler.460),460,225.0,0.8535303893518887,1,,,3.0878958024939447,1.8812167980971142,,,,,,1,,,,,,,,,"[-1.8472756802158725, 3.546266551518414, -0.6975774303671786, 1.639360639170664]"
traveler (traveler.461),461,232.5,2.105723244147185,2,,,4.585229106450261,2.2069301200150515,,,,,,2,,,,,,,,,"[-1.880562801503568, -1.3401350249015145, 0.14044373848083888, 0.0474716630572509]"
traveler (traveler.462),462,232.5,1.8163677805977656,3,,,1.2149005953740404,3.7836321258926398,,,,,,3,,,,,,,,,"[0.6342876942501242, -0.1262957638403736, -0.5448947893318984, 4.7708422305953855]"
traveler (traveler.451),451,217.5,1.1821603884827587,,,,1.3899419416179888,2.9065394090600156,SAV (sav.4),1,5.384788047050626,1,1.3230259908017026,,,,,1.5,2.9,228.67364647326434,"[1, 5.384788047050626, 8.769576094101252]","[1.5231546211727818, 3.0463092423455636]",
traveler (traveler.463),463,232.5,2.5299012216777217,0,0.0,1.280633225429085,4.720516157380203,3.7123152173671197,SAV (sav.4),,,,0.28714304817043035,0,6.681482714831657,5.7617740026282895,normal,,,,,,"[9.184509911455306, -1.9759837474179833, 1.9678547797988264, 0.10811006734781646]"
traveler (traveler.464),464,232.5,2.069306722858281,3,,,2.5910015381609885,0.4326952248594762,,,,,,3,,,,,,,,,"[-0.05319036565545561, 0.15691331275201925, -1.2007654546439428, 1.9023833464063646]"
traveler (traveler.465),465,232.5,3.4016283326056898,1,,,0.03448506797486317,4.843568098679202,,,,,,1,,,,,,,,,"[-0.2704252070119916, 1.0630775711261218, 0.7871078525762896, 1.5788932825659672]"
traveler (traveler.466),466,232.5,1.815311836587346,2,,,0.7465853557502011,2.9699937758997166,,,,,,2,,,,,,,,,"[0.4385722050781102, 0.5139485566101522, 1.9041618868342662, -0.02258195546666869]"
traveler (traveler.467),467,232.5,0.9082533809940747,1,,,3.1576788271648493,1.873595366886358,,,,,,1,,,,,,,,,"[0.5211712924956562, 0.6665686322804394, 0.7638916030514908, 0.3665406480731656]"
traveler (traveler.468),468,232.5,0.648882388781257,4,,,2.554705728804688,3.1465722215703504,,,,,,4,,,,,,,,,"[1.0070191518913056, -0.042032908114682514, 0.21028659241741163, 0.606675000213803]"
traveler (traveler.469),469,232.5,0.46999698863931794,4,,,2.2368525802679105,2.8894234261294134,,,,,,4,,,,,,,,,"[-1.1777742057512153, 0.39688607473503046, 0.22993791173607708, 0.9001444157661943]"
traveler (traveler.470),470,232.5,0.8572320511345988,0,0.0,1.280633225429085,2.079352417639993,3.2469286451510024,SAV (sav.4),,,,0.6833566830333138,0,3.5284141079861495,2.64671020763883,normal,,,,,,"[5.000174700265752, 1.0080158780707822, 1.8762968599460228, -0.9143742879009042]"
traveler (traveler.471),471,232.5,0.27066703982314555,4,,,2.590502947076467,2.7550879515326008,,,,,,4,,,,,,,,,"[0.986573241655393, 1.4963624013307988, 0.11969860255644622, -0.5479578026309079]"
traveler (traveler.472),472,232.5,0.32532294518383886,4,,,2.817966911292327,2.4312100153633946,,,,,,4,,,,,,,,,"[0.8790723573230103, 1.2231127439317682, 0.40357088552508574, 2.1098739766211945]"
traveler (traveler.473),473,240.0,2.7696770920377176,3,,,0.23155894890403206,4.089114971253221,,,,,,3,,,,,,,,,"[-1.7904093752156367, 0.2547945479211842, -0.5068059567342367, 2.5768460781984217]"
traveler (traveler.474),474,240.0,1.9446856687246645,1,,,0.8405262899206767,3.5138783732276084,,,,,,1,,,,,,,,,"[-0.16350467357501386, 0.19179576127038028, -0.2861842498350525, 1.2311556281591634]"
traveler (traveler.475),475,240.0,0.5146671339048984,4,,,2.6456081958881428,2.006359936783811,,,,,,4,,,,,,,,,"[1.3302488095594953, -0.29911144676949, -0.6572506784264256, -1.0278325514569664]"
traveler (traveler.476),476,240.0,0.6930115021419482,4,,,2.737103803744443,3.151188704102702,,,,,,4,,,,,,,,,"[-1.0745239190738252, 0.4386016200272695, 1.2083074948755808, 2.791823597230479]"
traveler (traveler.477),477,240.0,0.42204404591724154,4,,,2.0916215650983796,2.393471925758992,,,,,,4,,,,,,,,,"[0.6418948644952772, -0.03663919595136647, 0.4245917537769516, 1.2508146361358798]"
traveler (traveler.478),478,240.0,0.9221094138162846,1,,,2.8545435681534,3.351225369293977,,,,,,1,,,,,,,,,"[-1.6412024426157017, -0.204143906442288, -1.9195881572294715, -1.405092880090652]"
traveler (traveler.479),479,240.0,0.4841509791699006,4,,,2.639977996195276,2.036525803078177,,,,,,4,,,,,,,,,"[2.0986830306318636, 0.8492608248400955, 1.8893251224720549, 4.861532891018736]"
traveler (traveler.480),480,240.0,0.5476941990851202,4,,,2.218842640161178,2.0299792826694185,,,,,,4,,,,,,,,,"[-1.367197600960357, -1.0493158788022592, 1.1541060821850515, 1.9052942672088369]"
traveler (traveler.481),481,240.0,0.8751606527460392,2,,,2.838640687558441,1.6930126067621505,,,,,,2,,,,,,,,,"[-0.1117583517874439, 0.2318120503110785, 2.181406602220264, -0.7356061452265398]"
traveler (traveler.482),482,240.0,0.6943811637441871,4,,,2.6365226180814867,3.1808280071463777,,,,,,4,,,,,,,,,"[0.1971889832210255, 1.685306793686338, -0.26759179882054057, 1.2231637101358928]"
traveler (traveler.483),483,240.0,0.7512243036377478,1,,,2.1309098717945254,1.845698516250127,,,,,,1,,,,,,,,,"[-0.6829282410898044, 0.7113675658112677, -0.1382936947282878, -0.6483236703148603]"
traveler (traveler.484),484,247.5,1.1186814292807084,1,,,2.6522698815499086,1.3917301667056414,,,,,,1,,,,,,,,,"[-1.7111346761150843, 0.39231862518315586, -0.29735166958914905, -0.4507339146359926]"
traveler (traveler.457),457,225.0,0.9868238293350022,,,,2.8657480756029194,1.5834577940235601,SAV (sav.3),1,6.384788047050626,1,1.4576557667094063,,,,,2.9,1.7,234.76957609410124,"[2, 6.384788047050626, 9.769576094101252]","[1.2649110640673518, 2.5298221281347035]",
traveler (traveler.485),485,247.5,3.450410543736984,0,0.0,1.2178345881673918,4.913457132995523,4.9658786643961985,SAV (sav.3),,,,0.8068688682533228,0,-0.513411974050598,-0.6259553990342202,normal,,,,,,"[2.575794556920964, 2.0256608915006056, 0.07419085703933456, 1.27703746913558]"
traveler (traveler.486),486,247.5,0.772495597289387,1,,,3.27246452414935,2.506928691233207,,,,,,1,,,,,,,,,"[-0.7190547573638717, 0.4102387674045699, -0.7446154064071374, -0.011845073301980109]"
traveler (traveler.487),487,247.5,0.4830456400369134,4,,,2.776723468606212,2.8959257661244315,,,,,,4,,,,,,,,,"[5.04022986324441, -1.229027597701684, 0.6283024975139271, 0.2450502442436814]"
traveler (traveler.488),488,247.5,0.9923527629327972,2,,,1.7381871995957114,1.8640713379312646,,,,,,2,,,,,,,,,"[-0.5495971468841834, -0.7079881237289742, 2.5637956628196417, -0.6702671166712143]"
traveler (traveler.489),489,247.5,0.7062593070870727,0,0.0,1.2178345881673918,3.016779124750286,2.9813954144665695,SAV (sav.3),,,,1.3969014176332866,0,0.9165632249307301,0.8606157220836346,normal,,,,,,"[2.3406056265712407, 0.8575295968412304, -0.1911760792361274, -0.30325175850680747]"
traveler (traveler.490),490,247.5,0.4692778830081472,4,,,2.2702260974696626,2.9091768385387757,,,,,,4,,,,,,,,,"[1.491595956292782, -0.2653191688735048, 0.01921388939613044, -0.1890450522954952]"
traveler (traveler.491),491,247.5,0.42148342462234595,4,,,2.9077848833344406,2.6065822037457353,,,,,,4,,,,,,,,,"[0.07344458052590255, 4.957643284750666, -0.1809940869434019, 1.4229854165976017]"
traveler (traveler.398),398,187.5,0.7198156541660649,,,,2.9070846922347897,3.0936468894305995,SAV (sav.2),1,5.266230894930127,1.0,0.1141923921611931,,,,,2.9,3.1,,,,
traveler (traveler.393),393,187.5,0.887208954985848,,,,1.697670532827719,2.878691372906915,SAV (sav.2),2,10.241462854929754,1.831601584378786,0.2572269364771886,,,,,1.7,2.9,,,,
traveler (traveler.414),414,195.0,1.7698048080968967,,,,0.7455423057185018,2.732566673750437,SAV (sav.2),3,14.446397322008856,1.6425979903861783,2.082199541417106,,,,,0.7,2.9,,,,
traveler (traveler.416),416,195.0,2.34994821650848,,,,0.4421604112423494,3.6347038588165326,SAV (sav.2),4,17.43401330200867,1.7386576307476493,1.759158564630108,,,,,0.5,3.5,221.7007267046904,"[2.0, 5.266230894930127, 10.241462854929754, 14.446397322008856, 17.43401330200867, 25.461296991271734]","[1.019803902718557, 2.7402689561270823, 4.154482518500178, 5.048909709500093, 8.211187369668473]",
traveler (traveler.492),492,255.0,2.7461305486805965,0,0.0,1.2178345881673918,4.889641524400564,1.1469122810189498,SAV (sav.2),,,,0.5765072925027812,0,-0.8366105220896878,-0.9712502294193008,normal,,,,,,"[1.7886140373140935, 1.0518421017446642, 1.101029877256161, 1.6898621691737956]"
traveler (traveler.493),493,255.0,2.079642393300703,1,,,3.4827766776900355,0.6672254678215295,,,,,,1,,,,,,,,,"[-2.1381363012067567, 1.6759937330475296, 1.6799461374349731, 0.38518659031564706]"
traveler (traveler.494),494,255.0,1.912741428977637,0,0.0,1.2178345881673918,4.225143903844948,1.6738896652661799,SAV (sav.2),,,,0.9513498822484022,0,-0.08158513298190861,-0.1802699391031215,normal,,,,,,"[2.0567018301365767, -0.59360744249489, 2.4033262337675603, 1.4873107553770069]"
traveler (traveler.495),495,255.0,0.5619745631340041,4,,,2.236571236419003,2.0035922078292465,,,,,,4,,,,,,,,,"[2.0239858550056837, -0.04224438253483345, -0.39588490640067064, -0.8179041359416814]"
traveler (traveler.496),496,255.0,0.47272901542186135,4,,,2.2451490545324106,2.1018496293911078,,,,,,4,,,,,,,,,"[0.7103922082104338, 1.4526760572002297, -1.1677246285711287, -0.8847265291538186]"
traveler (traveler.497),497,255.0,0.7485215915256731,0,0.0,1.2178345881673918,1.7840974290950224,2.2814408959760075,SAV (sav.2),,,,1.408548850759591,0,10.543227703305432,10.48839742224381,normal,,,,,,"[11.994903909366627, 0.10412738528803726, 0.2908524829604632, -0.7133114117243087]"
traveler (traveler.498),498,255.0,0.9761847090800655,0,0.0,1.2178345881673918,1.6075143737625812,2.8954819758235946,SAV (sav.2),,,,2.5950757843016907,0,-1.4331546378447233,-1.3741732554409853,normal,,,,,,"[0.27517567263864035, -0.08539385102188161, 0.4184384203746905, 0.6983051888036059]"
traveler (traveler.499),499,262.5,2.291973469216605,1,,,1.7342838306304516,0.3397173491510824,,,,,,1,,,,,,,,,"[-0.4336995078152951, 1.6330120682133171, 0.7837001973738388, 0.13278173782471386]"
traveler (traveler.500),500,262.5,2.4070649459069147,1,,,3.702859414387318,0.4150321625901138,,,,,,1,,,,,,,,,"[0.10302362211565969, 0.6868799370700015, -0.13508321766041248, 0.2940389340508113]"
traveler (traveler.501),501,262.5,2.4107595504668398,1,,,4.797071096456002,3.2315914078182573,,,,,,1,,,,,,,,,"[-2.0802175665163967, 2.2314944032634503, -1.2188099664381455, 0.5590146691305133]"
traveler (traveler.502),502,262.5,0.6243508906325228,4,,,1.9430674389571756,2.2177941228749742,,,,,,4,,,,,,,,,"[1.9811593323896328, 0.823532528844964, 1.213579383952906, 2.0517456879207194]"
traveler (traveler.503),503,262.5,0.9991864710388377,1,,,1.5009397932105273,2.484115821808417,,,,,,1,,,,,,,,,"[-0.6268137875647276, 1.8502286416419038, -1.586163723012984, -1.5325010158182748]"
traveler (traveler.470),470,232.5,0.8572320511345988,,,,2.079352417639993,3.2469286451510024,SAV (sav.4),1,5.810913475705226,1.0,0.6833566830333138,,,,,2.1,3.3,,,,
traveler (traveler.463),463,232.5,2.5299012216777217,,,,4.720516157380203,3.7123152173671197,SAV (sav.4),2,15.699802364594117,1.3732317692928637,0.28714304817043035,,,,,4.7,3.7,257.6325427917098,"[2.0, 5.810913475705226, 15.699802364594117, 25.132542791709795]","[1.2649110640673515, 4.985126111615007, 8.529135140948878]",
traveler (traveler.504),504,262.5,0.7980544666163705,0,0.0,1.2178345881673918,3.195867644439283,2.1092837946682232,SAV (sav.4),,,,1.1557933853003772,0,-1.8489921824510058,-1.928066767759474,normal,,,,,,"[-0.3904819186183849, -0.42139184937048285, -0.9367808365220748, -1.0858822257464218]"
traveler (traveler.505),505,262.5,0.8113995256185339,0,0.0,1.2178345881673918,2.8380099570800517,1.7623561434616815,SAV (sav.4),,,,1.055116952286731,0,0.19573921203298594,0.10700774326984885,normal,,,,,,"[1.6529656693636692, 0.014043131148830951, -0.1900490921498757, 1.9858463427060953]"
traveler (traveler.506),506,262.5,0.9403934532867303,3,,,2.7050266520686357,3.4177711691516945,,,,,,3,,,,,,,,,"[-0.16672234038081613, 1.6808804964421875, 0.49963989860346086, 3.5881653531323288]"
traveler (traveler.507),507,262.5,0.6281535297948191,4,,,1.9319733536727963,2.7681838661365754,,,,,,4,,,,,,,,,"[5.186747670753197, 1.1958611340232879, -0.495411543919475, 0.7589066442480511]"
traveler (traveler.508),508,262.5,0.7934485900298104,1,,,2.010588357995923,1.8754706494557944,,,,,,1,,,,,,,,,"[-1.5759082459163916, 0.6816275076259029, -0.08307334088166224, -0.4526170735798242]"
traveler (traveler.509),509,262.5,0.8532848208008087,2,,,2.1039923212885494,3.255825974554088,,,,,,2,,,,,,,,,"[-2.245852681514903, 1.575845219264758, 2.270100558297255, 0.2958366204924516]"
traveler (traveler.510),510,270.0,2.03409924284368,1,,,4.494223816824038,2.099211903683504,,,,,,1,,,,,,,,,"[-0.20204115872820605, 1.4639718719969779, 0.43095234138074173, -0.6447143214860817]"
traveler (traveler.453),453,217.5,0.9540562661827018,,,,3.4527812590737685,2.45069248130069,SAV (sav.1),1,5.204934467079102,1,0.8192442180885726,,,,,3.5,2.5,230.03753795091555,"[1, 5.204934467079102, 8.409868934158204]","[1.4142135623730951, 2.8284271247461903]",
traveler (traveler.511),511,270.0,2.751307642851366,0,0.0,1.2178345881673918,4.9488391263775595,1.245854602235159,SAV (sav.1),,,,0.8750118561932667,0,-0.6285314552974608,-0.7345386048778826,normal,,,,,,"[2.0285739208460765, 1.2863682799283367, -0.39774131226283826, 0.3219114669794106]"
traveler (traveler.512),512,270.0,1.7635515341233945,1,,,4.218051791649296,2.101989881134134,,,,,,1,,,,,,,,,"[-0.6456782468095031, 0.09136556469836149, 0.408035169637284, 0.33839447525477284]"
traveler (traveler.513),513,270.0,1.7931951466648905,0,0.0,1.2178345881673918,2.8338944952867577,4.261835207969156,SAV (sav.1),,,,0.9159773092154656,0,1.9719694880460228,1.8698917447194896,normal,,,,,,"[4.031856710238403, -0.4060306622618561, 1.0276199455479769, 0.2389589658170063]"
traveler (traveler.442),442,202.5,0.9864744443071878,,,,1.642790839669715,2.9881846830012417,SAV (sav.0),1,6.664982778326809,1.0,2.1763345370858254,,,,,1.5,3.1,,,,
traveler (traveler.440),440,202.5,0.9402027668415832,,,,1.683461752259472,2.966097128025261,SAV (sav.0),2,8.553871667215699,1.4720356279573723,0.8176169836164957,,,,,1.7,2.9,224.1885647563715,"[2.0, 6.664982778326809, 8.553871667215699, 12.364785142920924]","[1.6492422502470645, 2.0492422502470644, 3.3141533143144164]",
traveler (traveler.514),514,270.0,1.2166650162498653,0,0.0,1.2178345881673918,1.5374363869911485,1.755859520871475,SAV (sav.0),,,,0.806929214109649,0,-0.13149810528503747,-0.24403574189411992,normal,,,,,,"[1.5561975035364288, 0.06416226498494655, 0.10801228403781131, 0.761169584175407]"
traveler (traveler.515),515,270.0,2.927581390331385,0,0.0,1.2178345881673918,0.7353948190263471,0.16399885438906803,SAV (sav.0),,,,0.8776133015691078,0,0.45955286956197616,0.3537952506220048,normal,,,,,,"[3.227507036503395, 0.8055061939285358, -0.9088797428428376, 0.6644004204705408]"
traveler (traveler.516),516,270.0,0.785717696335028,2,,,2.7252982417589,3.252723721291133,,,,,,2,,,,,,,,,"[-0.057023070886473216, -1.2122682165638603, 1.0238487375694951, -0.7832376664614871]"
traveler (traveler.517),517,270.0,0.8576034580556193,0,0.0,1.2178345881673918,1.6543558008083596,2.3572779637109753,SAV (sav.0),,,,0.8788849519294109,0,-0.473095991615601,-0.5787316338530122,normal,,,,,,"[0.9962159791168124, -0.47322364552504503, 0.016076462521985167, -1.3220943407597796]"
traveler (traveler.518),518,270.0,0.655107696417894,4,,,3.1513462573696343,2.570100976573296,,,,,,4,,,,,,,,,"[1.0195970107313188, 1.924587228334179, 2.358089359526328, 1.2021449110886069]"
traveler (traveler.519),519,270.0,0.979503075391517,2,,,3.1062498635527884,3.2693421720168896,,,,,,2,,,,,,,,,"[-0.4684167756817814, 1.974289143836799, 5.169177999503352, -0.3891924951846587]"
traveler (traveler.520),520,277.5,2.095704778012806,1,,,4.137045855192939,3.8084568715021994,,,,,,1,,,,,,,,,"[-1.4344298926491883, 1.225934125054156, -0.8389979253114487, 0.5441753043152323]"
traveler (traveler.521),521,277.5,1.7595492407012012,3,,,4.145664611931975,1.8772628841260908,,,,,,3,,,,,,,,,"[0.11073521433586432, -0.1520364455364947, 0.17543296802270805, 2.825397836071583]"
traveler (traveler.522),522,277.5,0.7189237324071434,1,,,2.8947384737825814,1.8991398912109274,,,,,,1,,,,,,,,,"[1.4589501847154438, 1.9710231884881024, 0.1541972142918691, -0.5356990546735454]"
traveler (traveler.523),523,277.5,0.7085686457280516,2,,,2.8978951819951226,3.086301074409687,,,,,,2,,,,,,,,,"[0.2986895995017656, 0.761429753720821, 1.6422493309975443, 0.12560916868122285]"
traveler (traveler.524),524,277.5,0.9781764896257362,2,,,3.055175238307709,1.694636914412818,,,,,,2,,,,,,,,,"[-1.309992925861055, -1.1167084407525303, 1.0711374678977, 1.177081712683768]"
traveler (traveler.525),525,277.5,0.3093796047040121,4,,,2.533218751799059,2.807591050480542,,,,,,4,,,,,,,,,"[1.8916340735226738, 0.302466170091162, 1.2165599542722803, 0.06847065034650943]"
traveler (traveler.526),526,277.5,0.7538703688397809,3,,,3.2175764784428753,2.2689057971299387,,,,,,3,,,,,,,,,"[-1.3626195888052304, -1.0045407467253495, -0.5014716423613162, 0.7445979630881453]"
traveler (traveler.527),527,277.5,0.43259394673239215,4,,,2.576787368597363,2.074275649306502,,,,,,4,,,,,,,,,"[1.179909704654707, 0.9352810006502478, -0.777309419905792, -0.0314108643173774]"
traveler (traveler.528),528,277.5,0.4094828530321575,4,,,2.4169760151808344,2.9009778358863523,,,,,,4,,,,,,,,,"[1.2536665805223168, 0.685568440561833, -1.0637325561249, 0.48114820616700094]"
traveler (traveler.529),529,277.5,0.4198268860912392,4,,,2.2726723911331277,2.852954349076388,,,,,,4,,,,,,,,,"[2.1785048359708568, -0.9680951323162366, -0.2026575126562227, -0.010924616277348132]"
traveler (traveler.530),530,277.5,0.8341755802341067,2,,,3.1441947045957956,3.029964226367822,,,,,,2,,,,,,,,,"[-0.7227943662774738, 0.26863359131332504, 2.495420106795054, 0.24715758044863992]"
traveler (traveler.531),531,285.0,1.77285868846184,2,,,3.6372230609365253,1.1399442515364322,,,,,,2,,,,,,,,,"[-1.4908510142283664, -0.03812333208972838, 6.112804029177608, 0.4791556073797169]"
traveler (traveler.504),504,262.5,0.7980544666163705,,,,3.195867644439283,2.1092837946682232,SAV (sav.4),1,5.810913475705226,1.0,1.1557933853003772,,,,,3.1,2.1,,,,
traveler (traveler.505),505,262.5,0.8113995256185339,,,,2.8380099570800517,1.7623561434616815,SAV (sav.4),2,8.588691253483004,1.4780277299586984,1.055116952286731,,,,,2.9,1.7,274.89960472918824,"[2.0, 5.810913475705226, 8.588691253483004, 12.39960472918823]","[1.019803902718557, 1.6522594347522332, 2.9171704988195852]",
traveler (traveler.532),532,285.0,3.231831087009127,0,0.0,1.2178345881673918,0.032662830700878054,4.58733789022132,SAV (sav.4),,,,1.3233884565781575,0,-0.7894677784858817,-0.8524666445573854,normal,,,,,,"[2.2121402226207563, 0.9633299409153437, -0.352643917441907, -0.3155700427383522]"
traveler (traveler.533),533,285.0,2.03826868752487,0,0.0,1.2178345881673918,0.4665546330184639,2.640139866011359,SAV (sav.4),,,,0.8228385399142092,0,-0.540788592588969,-0.6518002066668784,normal,,,,,,"[1.6639310041991933, 0.06713970448842622, -0.259677884673198, 0.3796063206174515]"
traveler (traveler.534),534,285.0,0.9971290300772058,1,,,1.6729215060864113,1.9430372835383511,,,,,,1,,,,,,,,,"[-2.259238475205619, 1.047431621484742, -0.002486691130788525, -0.3931337520686476]"
traveler (traveler.535),535,285.0,0.6922413068543447,4,,,3.0572405194841585,2.0892920376223074,,,,,,4,,,,,,,,,"[-1.3949140970832092, -0.13175237417392194, 1.1876194121564774, 0.384783425319955]"
traveler (traveler.536),536,285.0,0.35112815980902995,4,,,2.5334897052922947,2.1504725701031306,,,,,,4,,,,,,,,,"[-0.38435775079493334, -0.6626508933137244, 1.1471432989982036, 0.10780810153912936]"
traveler (traveler.537),537,285.0,0.8618501348516333,1,,,1.6419860522313916,2.418773647266997,,,,,,1,,,,,,,,,"[0.8011854436996477, 3.3010959949473966, -0.7579336641875782, -1.194648472085025]"
traveler (traveler.538),538,285.0,0.902647704483265,0,0.0,1.2178345881673918,2.4416428749264254,1.5992406956561287,SAV (sav.4),,,,1.3972654615550952,0,1.0089081481256688,0.9529955643715531,normal,,,,,,"[2.5562052435904166, 0.5729807600171245, 0.4411243411338435, 0.01841001171584102]"
traveler (traveler.489),489,247.5,0.7062593070870727,,,,3.016779124750286,2.9813954144665695,SAV (sav.3),1,5.266230894930127,1.0,1.3969014176332866,,,,,3.1,2.9,,,,
traveler (traveler.485),485,247.5,3.450410543736984,,,,4.913457132995523,4.9658786643961985,SAV (sav.3),2,15.155119783819018,1.0733090366132443,0.8068688682533228,,,,,4.9,4.9,274.7751162311051,"[2.0, 5.266230894930127, 15.155119783819018, 27.275116231105066]","[1.019803902718557, 4.825063420806647, 9.625063420806647]",
traveler (traveler.539),539,292.5,1.7117363033318742,0,0.0,1.2178345881673918,2.0048772909935657,4.13856482177862,SAV (sav.3),,,,1.2317154036731432,0,0.9539033685501286,0.8821112232439763,normal,,,,,,"[2.9929665485884045, 0.6099504731849827, 1.2051900783985836, -0.8754925950282378]"
traveler (traveler.540),540,292.5,2.282152318766389,1,,,1.7956431606001177,0.32926264858195886,,,,,,1,,,,,,,,,"[-0.7469355689379861, 3.6573719106310354, 2.6295683049622753, 0.7631622158355993]"
traveler (traveler.541),541,292.5,1.6808591279955714,3,,,3.657929675891314,3.71839495807241,,,,,,3,,,,,,,,,"[0.21337439895838034, 0.4720118875089406, 0.16141376099334412, 2.0312221909065125]"
traveler (traveler.497),497,255.0,0.7485215915256731,,,,1.7840974290950224,2.2814408959760075,SAV (sav.2),1,4.987615979999814,1.0,1.408548850759591,,,,,1.9,2.3,,,,
traveler (traveler.498),498,255.0,0.9761847090800655,,,,1.6075143737625812,2.8954819758235946,SAV (sav.2),2,7.393072717852427,1.3221903838598614,2.5950757843016907,,,,,1.7,2.7,,,,
traveler (traveler.494),494,255.0,1.912741428977637,,,,4.225143903844948,1.6738896652661799,SAV (sav.2),3,17.147612986115632,1.8658189749406378,0.9513498822484022,,,,,4.3,1.7,,,,
traveler (traveler.492),492,255.0,2.7461305486805965,,,,4.889641524400564,1.1469122810189498,SAV (sav.2),4,20.8142796527823,1.7741537795663382,0.5765072925027812,,,,,4.9,1.0999999999999999,285.54622752139943,"[2.0, 4.987615979999814, 7.393072717852427, 17.147612986115632, 20.8142796527823, 30.546227521399416]","[0.8944271909999161, 1.5268827230335924, 5.4664258437520346, 6.666425843752036, 10.595802384629737]",
traveler (traveler.542),542,292.5,1.748905459617668,0,0.0,1.2178345881673918,4.203363805999337,2.8965123593180153,SAV (sav.2),,,,1.2410715386552547,0,1.1843100806250875,1.1134153757864191,normal,,,,,,"[3.247591707489725, 0.34304036266853233, 1.682027186587156, -0.8392207684972315]"
traveler (traveler.543),543,292.5,0.18740631395971924,4,,,2.5124974701743303,2.3130108565953345,,,,,,4,,,,,,,,,"[-0.11213719738711758, 1.1145327242766576, 2.0635116911727813, 1.520483305074251]"
traveler (traveler.544),544,292.5,0.7402352528808803,3,,,3.061094975559895,2.0171742985206134,,,,,,3,,,,,,,,,"[-2.2836191129903787, 0.13681652774120656, -0.04231966744518281, 2.27155482961144]"
traveler (traveler.545),545,292.5,0.8300546840384494,3,,,2.48382378802921,3.3298970470247777,,,,,,3,,,,,,,,,"[-0.07160344393746532, -0.9939189315610818, 0.6401096474054377, 1.394068757284942]"
traveler (traveler.546),546,292.5,0.212536049893801,4,,,2.4660484932982305,2.2901932610778672,,,,,,4,,,,,,,,,"[3.26703552635592, 2.0892894260733517, 0.3582734739531252, -1.2431104791149428]"
traveler (traveler.547),547,292.5,0.19194973127703052,4,,,2.393631264891848,2.340217674541844,,,,,,4,,,,,,,,,"[4.096973686620862, 1.8360801432359004, 0.9417582282000552, 1.9423545769318538]"
traveler (traveler.548),548,292.5,0.827075095534666,0,0.0,1.2178345881673918,2.4864621122291544,1.6730357086014047,SAV (sav.2),,,,0.36206356885650504,0,3.121544390076407,2.966335240774642,normal,,,,,,"[4.522128473940872, -0.1712591791325051, -0.17602727936264273, -0.9624270239464425]"
traveler (traveler.517),517,270.0,0.8576034580556193,,,,1.6543558008083596,2.3572779637109753,SAV (sav.0),1,5.591534175486801,1.0,0.8788849519294109,,,,,1.7,2.3,,,,
traveler (traveler.514),514,270.0,1.2166650162498653,,,,1.5374363869911485,1.755859520871475,SAV (sav.0),2,8.477152258650928,1.2931249208111584,0.806929214109649,,,,,1.5,1.7,,,,
traveler (traveler.515),515,270.0,2.927581390331385,,,,0.7353948190263471,0.16399885438906803,SAV (sav.0),3,15.406780731595966,1.239674013956604,0.8776133015691078,,,,,0.7,0.09999999999999964,295.8348711474166,"[2.0, 5.591534175486801, 8.477152258650928, 15.406780731595966, 25.8348711474166]","[1.1661903789690604, 2.060617569968976, 4.590439698103681, 8.833080385222967]",
traveler (traveler.549),549,300.0,3.1356134748777693,0,0.0,1.2178345881673918,4.77536309882297,0.3425026923887553,SAV (sav.0),,,,1.0382653203912362,0,-1.0983629562160184,-1.1887108335105714,normal,,,,,,"[1.8155263140242688, 0.2181952175920599, -0.299116640941046, 2.537330095622887]"
traveler (traveler.550),550,300.0,2.4812759140547196,0,0.0,1.2178345881673918,4.188623212071852,0.6819565986148118,SAV (sav.0),,,,1.08529621735868,0,-0.1689788215733432,-0.2548154952307793,normal,,,,,,"[2.338871294381644, 0.8541592255192467, 0.08432378644381529, -0.18996710923117657]"
traveler (traveler.551),551,300.0,1.9781525734712306,1,,,0.5235511161553075,2.582081748762577,,,,,,1,,,,,,,,,"[-0.7371220215369102, -0.4871543992354692, -0.41668667076252547, -0.27372327015020315]"
traveler (traveler.552),552,300.0,0.91052915532476,3,,,2.5944257164416564,3.4056197473393017,,,,,,3,,,,,,,,,"[0.5863782545132035, 0.46055135574107264, 0.7022920707344098, 1.8402357870498935]"
traveler (traveler.553),553,300.0,0.7628783464074217,3,,,2.275488929797694,3.2290940616778725,,,,,,3,,,,,,,,,"[-1.1687199466431861, 0.9274524516101542, -0.8853964445806217, 1.6632581244280564]"
traveler (traveler.554),554,300.0,0.4485314699714667,4,,,2.0906551843851537,2.683350215391235,,,,,,4,,,,,,,,,"[-0.0012958887264217552, 1.2583876151912454, 0.38032240749167173, 1.1950914258097918]"
traveler (traveler.555),555,300.0,0.7244388193805558,1,,,2.556842281360476,1.7777946565725022,,,,,,1,,,,,,,,,"[-0.9795228532992655, 0.4147793228405238, -1.0369440644236692, -0.2792186601989966]"
traveler (traveler.556),556,300.0,0.41240573477257614,4,,,2.8754991238069265,2.6705253590922444,,,,,,4,,,,,,,,,"[0.9014780052697026, 1.211986162657884, -0.2613901480868847, -0.6965912175525955]"
traveler (traveler.557),557,300.0,0.6197284169240593,4,,,2.8580150052848623,1.994145706023878,,,,,,4,,,,,,,,,"[0.06382177458904402, 1.3021715796101319, 1.080859302635766, 1.3196883603671394]"
traveler (traveler.558),558,300.0,0.6934064235214992,4,,,2.0300938253263556,1.9900974061799066,,,,,,4,,,,,,,,,"[-1.5458342715646989, -0.5184979557585094, -0.09979602950979999, -1.4042895884610431]"
traveler (traveler.559),559,300.0,0.4443785354354173,4,,,2.943500772540577,2.472083203771962,,,,,,4,,,,,,,,,"[1.5360827057646318, 0.07075165719507197, 1.2647937064381383, 1.9021198801335397]"
traveler (traveler.560),560,300.0,0.9063687267094883,0,0.0,1.2178345881673918,2.2647244826175,1.6247002229650827,SAV (sav.0),,,,0.9978357935692771,0,2.7012533397328955,2.60702746222558,normal,,,,,,"[4.212571818678763, -0.8470335877073762, 1.281654350548564, 3.0275517467706625]"
traveler (traveler.561),561,300.0,0.9767389230536347,3,,,1.5300724261510654,2.3848504220785243,,,,,,3,,,,,,,,,"[-0.3269983990108264, -0.7892209146755008, 0.6416428729677454, 1.982159880732701]"
traveler (traveler.562),562,300.0,0.7082268218263348,3,,,2.6021194180565073,3.2008258382865398,,,,,,3,,,,,,,,,"[-0.10756541344524498, 0.792220043555272, 0.8935602057300702, 7.155469757017977]"
traveler (traveler.563),563,300.0,0.6342632993873878,4,,,1.910403214135747,2.266193321206777,,,,,,4,,,,,,,,,"[0.1362943871530638, 2.301411307648182, 0.32658830552235396, -0.6058267508202045]"
traveler (traveler.564),564,307.5,1.9919997333479358,3,,,2.4917610289357457,4.49198269495848,,,,,,3,,,,,,,,,"[-0.45845269761279367, -0.3470636190273038, -0.20813866075547452, 1.6807280816954615]"
traveler (traveler.539),539,292.5,1.7117363033318742,,,,2.0048772909935657,4.13856482177862,SAV (sav.3),1,8.183068350973599,1,1.2317154036731432,,,,,2.1,4.1,305.8661367019472,"[2, 8.183068350973599, 13.3661367019472]","[2.33238075793812, 4.66476151587624]",
traveler (traveler.565),565,307.5,1.0921028896822025,0,0.0,1.2178345881673918,1.8590924353039129,1.615734081190761,SAV (sav.3),,,,1.124046727136684,0,2.0621485525799264,1.9800288278203968,normal,,,,,,"[3.7021081834121796, 1.3892965369040204, 0.7847235948347853, -1.1060520282859516]"
traveler (traveler.566),566,307.5,1.8136165836651885,3,,,2.4893077302619426,0.6864149350214538,,,,,,3,,,,,,,,,"[0.2110539701854658, -0.2698892932912935, 1.1063021820564625, 1.3958471169281752]"
traveler (traveler.567),567,307.5,2.202411894377506,0,0.0,1.2178345881673918,1.2725591421313087,0.6713373485166585,SAV (sav.3),,,,0.47616693603192284,0,-0.34177250481921884,-0.48603685914151673,normal,,,,,,"[1.932682558972078, 1.287683166319685, -0.06002869197892203, -0.8227038418401894]"
traveler (traveler.568),568,307.5,2.3756344156662323,0,0.0,1.2178345881673918,0.2195681748266365,1.8342150740409313,SAV (sav.3),,,,2.157005742340703,0,0.8663888313999619,0.8833505353788018,normal,,,,,,"[3.410754785868299, 0.27933869341765055, 0.2493867653150049, 2.2494614581221657]"
traveler (traveler.569),569,307.5,0.9056479396185848,1,,,3.129799001072837,1.849191726556089,,,,,,1,,,,,,,,,"[4.1547228514897485, 5.311793021672942, 0.1995728368711225, 1.2251200208875404]"
traveler (traveler.570),570,307.5,0.6377903648133385,4,,,1.8990124704861104,2.7135194108682468,,,,,,4,,,,,,,,,"[1.1149515548200746, -0.11809992610513412, 0.7855199519942457, -0.010136575417140225]"
traveler (traveler.513),513,270.0,1.7931951466648905,,,,2.8338944952867577,4.261835207969156,SAV (sav.1),1,8.794846582402354,1.0,0.9159773092154656,,,,,2.9,4.3,,,,
traveler (traveler.511),511,270.0,2.751307642851366,,,,4.9488391263775595,1.245854602235159,SAV (sav.1),2,21.998873442621004,1.7913994602281376,0.8750118561932667,,,,,4.9,1.2999999999999998,302.27914589498596,"[2.0, 8.794846582402354, 21.998873442621004, 32.27914589498594]","[2.6076809620810595, 7.706700475673845, 11.5014336678759]",
traveler (traveler.571),571,307.5,0.8326283190808849,0,0.0,1.2178345881673918,2.271257108251111,3.3005914109018506,SAV (sav.1),,,,0.3449877061343143,0,1.0613785617067384,0.9045314956526616,normal,,,,,,"[2.463808982285337, 2.3781988546236947, 1.1583092342546086, -0.1821675671014737]"
traveler (traveler.572),572,307.5,0.7667409032702478,0,0.0,1.2178345881673918,1.8560344366003483,2.9161729999688166,SAV (sav.1),,,,0.562150588185923,0,0.7083970917689182,0.5723802893612313,normal,,,,,,"[2.090318100934423, -1.1570982008598953, -0.2083874102099248, 1.844610821359783]"
traveler (traveler.548),548,292.5,0.827075095534666,,,,2.4864621122291544,1.6730357086014047,SAV (sav.2),1,5.514157444218836,1.0,0.36206356885650504,,,,,2.5,1.7,,,,
traveler (traveler.542),542,292.5,1.748905459617668,,,,4.203363805999337,2.8965123593180153,SAV (sav.2),2,12.985366234690407,1.4940019843583041,1.2410715386552547,,,,,4.1,2.9,312.17703222351963,"[2.0, 5.514157444218836, 12.985366234690407, 19.677032223519607]","[1.1313708498984762, 3.9597979746446663, 6.292178732582786]",
traveler (traveler.573),573,307.5,0.7441071978359916,0,4.677032223519632,1.2178345881673918,3.115495258477935,2.0818360265846527,SAV (sav.2),,,,0.28650435779675504,0,0.11187094874567105,0.5662679398790598,normal,,,,,,"[2.070004708407349, 0.1015647384482713, -0.7069115952059387, 1.0242492819126139]"
traveler (traveler.574),574,307.5,0.5051119539221219,4,,,2.4767808261768387,1.9954220021027536,,,,,,4,,,,,,,,,"[1.1917297471981438, 0.11613802404259928, 0.5188195299388784, 2.987794821666696]"
traveler (traveler.575),575,307.5,0.5423873330677402,4,,,2.506991359004609,3.042342271975553,,,,,,4,,,,,,,,,"[-2.2914503907520425, 1.5033499134132235, 0.417128443964557, -0.8562853705129844]"
traveler (traveler.538),538,285.0,0.902647704483265,,,,2.4416428749264254,1.5992406956561287,SAV (sav.4),1,5.514157444218836,1.0,1.3972654615550952,,,,,2.5,1.7,,,,
traveler (traveler.533),533,285.0,2.03826868752487,,,,0.4665546330184639,2.640139866011359,SAV (sav.4),2,13.5414411334819,1.4534523495237406,0.8228385399142092,,,,,0.5,2.7,,,,
traveler (traveler.532),532,285.0,3.231831087009127,,,,0.032662830700878054,4.58733789022132,SAV (sav.4),3,20.336287715884254,1.5865291897409288,1.3233884565781575,,,,,0.09999999999999964,4.5,316.1543863978285,"[2.0, 5.514157444218836, 13.5414411334819, 20.336287715884254, 31.15438639782849]","[1.1313708498984762, 4.2936485100668556, 6.901329472147915, 11.31947387902282]",
traveler (traveler.576),576,315.0,2.399907993895945,0,1.154386397828489,1.2178345881673918,0.9926493854418528,4.3674722230750405,SAV (sav.4),,,,1.5215250138951995,0,-1.9245619520786508,-1.8163035375627046,normal,,,,,,"[0.7263306597110355, 0.3837609402733602, -0.5526594590223114, 0.0662034597810275]"
traveler (traveler.577),577,315.0,2.188164631231145,1,,,3.277265737519218,0.45453613411293947,,,,,,1,,,,,,,,,"[-0.7642832286185671, 1.1176688238744814, -0.5227466193757817, -0.23885925409334285]"
traveler (traveler.578),578,315.0,1.0582322847409227,3,,,2.7950663068985913,3.516263471252027,,,,,,3,,,,,,,,,"[-1.0783887862849573, -1.2052824887143652, -0.11345571384232962, 0.27265073021500913]"
traveler (traveler.579),579,315.0,0.6664846633038187,4,,,3.0885820669468984,2.8126866752641075,,,,,,4,,,,,,,,,"[-1.5081895151425135, 1.1176391799258483, 0.052568896592969684, 0.17692248049974849]"
traveler (traveler.580),580,315.0,0.9472484490861408,0,1.154386397828489,1.2178345881673918,3.44701611114988,2.479021212650461,SAV (sav.4),,,,1.7820645021171144,0,1.457036512535009,1.5902858747612016,normal,,,,,,"[3.2214793543250813, 2.3224831836935147, 2.9287252549630938, 1.0141481911292813]"
traveler (traveler.581),581,315.0,0.9061925558382173,1,,,2.61470200587143,3.3989039982699327,,,,,,1,,,,,,,,,"[2.32117296099764, 4.610935329617242, 0.8483071598921763, 3.181254866929288]"
traveler (traveler.582),582,315.0,0.8912859482210681,2,,,1.7805364971646727,1.973917392813401,,,,,,2,,,,,,,,,"[0.1638769192081291, -0.05561675739440887, 1.6361514949833746, -0.006224084140769778]"
traveler (traveler.583),583,315.0,0.7472106366770334,3,,,2.6956955715429194,1.7788710386887878,,,,,,3,,,,,,,,,"[-3.0661608189735468, -0.29207135476057594, -0.51790160026224, 1.2362597124739183]"
traveler (traveler.584),584,315.0,0.5618918603761562,4,,,2.3325405638466563,1.9636420971028934,,,,,,4,,,,,,,,,"[-1.700569673293887, 1.51094126091056, 3.009565296458546, 4.693533693471299]"
traveler (traveler.572),572,307.5,0.7667409032702478,,,,1.8560344366003483,2.9161729999688166,SAV (sav.1),1,5.266230894930127,1.0,0.562150588185923,,,,,1.9,2.9,,,,
traveler (traveler.571),571,307.5,0.8326283190808849,,,,2.271257108251111,3.3005914109018506,SAV (sav.1),2,8.044008672707903,1.4386049374378707,0.3449877061343143,,,,,2.3,3.3,319.1355428481947,"[2.0, 5.266230894930127, 8.044008672707903, 11.635542848194703]","[1.019803902718557, 1.819803902718557, 2.985994281687617]",
traveler (traveler.585),585,315.0,0.9869172265987401,0,4.135542848194689,1.2178345881673918,2.5700294369201835,1.5155704747814647,SAV (sav.1),,,,0.8608744901087839,0,0.9472525831430287,1.3853261236561805,normal,,,,,,"[3.0414089444121766, 0.39523623816263853, -0.053556984412119445, -1.4129791772815818]"
traveler (traveler.586),586,315.0,0.7516224321413834,1,,,1.7595926590611237,2.6293570639043384,,,,,,1,,,,,,,,,"[-0.02711059888268152, 1.7928880561629024, -0.17942441066739861, 1.968284462344465]"
traveler (traveler.587),587,315.0,0.974804480208216,0,4.135542848194689,1.2178345881673918,3.466021119094409,2.630564053619654,SAV (sav.1),,,,2.159478691595168,0,0.529539147503904,1.0921748030236296,normal,,,,,,"[2.74065773548986, 1.6417184689749285, 0.02044025394428669, 0.46556284119913877]"
traveler (traveler.573),573,307.5,0.7441071978359916,,,,3.115495258477935,2.0818360265846527,SAV (sav.2),1,5.142696805273545,1,0.28650435779675504,,,,,3.1,2.1,320.4624258340667,"[1, 5.142696805273545, 8.28539361054709]","[1.019803902718557, 2.039607805437114]",
traveler (traveler.588),588,322.5,2.317057037959028,0,0.0,1.2178345881673918,4.141018318862247,0.8642090004178438,SAV (sav.2),,,,0.6532562523282742,0,0.9098631811115925,0.7825852340084398,normal,,,,,,"[3.273236339296247, -0.049259806448867724, 0.7305644413216804, -1.1922184867604497]"
traveler (traveler.589),589,322.5,1.462014698277682,3,,,2.156034582265703,3.9209766955804914,,,,,,3,,,,,,,,,"[-0.15632101256741976, -0.6538711940812907, -1.50674525060195, 3.97349539724598]"
traveler (traveler.590),590,322.5,1.9622070004152827,3,,,0.8503123842292781,1.437556080138132,,,,,,3,,,,,,,,,"[-0.18561198337120535, -0.05094638610419821, -1.4440801283616085, 1.408932978025471]"
traveler (traveler.591),591,322.5,1.9252361094549415,1,,,4.288252085012826,1.7867759415187394,,,,,,1,,,,,,,,,"[0.11890348620376924, 5.960725276775693, 3.1158434070873446, 1.6108872372377376]"
traveler (traveler.592),592,322.5,2.539744657770786,0,0.0,1.2178345881673918,3.4053287597208364,0.12709402556747296,SAV (sav.2),,,,1.181663705913078,0,-1.9049622609144237,-1.9815553650697217,normal,,,,,,"[0.6488164096285521, -0.29275664080328895, 0.7065012390453724, 0.4267897826027716]"
traveler (traveler.593),593,322.5,0.9570494571314847,0,0.0,1.2178345881673918,2.1938441537344326,3.406759207945022,SAV (sav.2),,,,1.8066513979034928,0,0.6942320197904408,0.6775877350508632,normal,,,,,,"[2.314930651238792, 1.618946700430945, -1.6002664358319876, 0.868598890881525]"
traveler (traveler.560),560,300.0,0.9063687267094883,,,,2.2647244826175,1.6247002229650827,SAV (sav.0),1,5.591534175486801,1.0,0.9978357935692771,,,,,2.3,1.7,,,,
traveler (traveler.550),550,300.0,2.4812759140547196,,,,4.188623212071852,0.6819565986148118,SAV (sav.0),2,13.062742965958373,1.2359936972772811,1.08529621735868,,,,,4.1,0.7,,,,
traveler (traveler.549),549,300.0,3.1356134748777693,,,,4.77536309882297,0.3425026923887553,SAV (sav.0),3,16.873656441663602,1.2752274872601144,1.0382653203912362,,,,,4.7,0.2999999999999998,328.10553593786034,"[2.0, 5.591534175486801, 13.062742965958373, 16.873656441663602, 28.105535937860346]","[1.1661903789690604, 4.078234334681268, 5.098038237399825, 9.498038237399825]",
traveler (traveler.594),594,322.5,0.8855544206123503,0,5.605535937860338,1.2178345881673918,2.8505126940978576,3.3132327361477385,SAV (sav.0),,,,0.6147114934688752,0,-0.6378858624003336,-0.029546887928879162,normal,,,,,,"[1.5629379693762822, 0.45684973985218374, 1.2435739247623119, 0.24549333096445544]"
traveler (traveler.595),595,322.5,0.5406502556529076,4,,,3.030814625494571,2.6026573538457547,,,,,,4,,,,,,,,,"[-1.7167009120994756, 1.3780763993223837, 1.5909318528539875, 0.010798609327359399]"
traveler (traveler.596),596,322.5,0.9627510229053351,2,,,2.7446082449341063,1.5688413998595485,,,,,,2,,,,,,,,,"[-1.1196240799504638, 1.8479595788143794, 4.0318353355261145, 1.3701672628399688]"
traveler (traveler.597),597,322.5,0.8300551129804448,1,,,3.2174886636975173,2.0826254583104884,,,,,,1,,,,,,,,,"[-2.054752566920442, 1.560100688469919, 1.0627819531264249, -0.09678090667696483]"
traveler (traveler.565),565,307.5,1.0921028896822025,,,,1.8590924353039129,1.615734081190761,SAV (sav.3),1,6.664982778326809,1.0,1.124046727136684,,,,,1.9,1.7,,,,
traveler (traveler.567),567,307.5,2.202411894377506,,,,1.2725591421313087,0.6713373485166585,SAV (sav.3),2,10.807679583600354,1.102971583176206,0.47616693603192284,,,,,1.2999999999999998,0.7,,,,
traveler (traveler.568),568,307.5,2.3756344156662323,,,,0.2195681748266365,1.8342150740409313,SAV (sav.3),3,16.71672892457247,1.5265772342340733,2.157005742340703,,,,,0.09999999999999964,1.7,333.16719284457173,"[2.0, 6.664982778326809, 10.807679583600354, 16.71672892457247, 25.667192844571726]","[1.4142135623730951, 3.06345581262016, 5.2725280160576125, 8.850236780057276]",
traveler (traveler.598),598,330.0,2.365805106702812,0,3.16719284457173,1.2178345881673918,4.3168551723182125,0.9847207895171062,SAV (sav.3),,,,1.3980588761904045,0,-0.7196871137487024,-0.3578025289004336,normal,,,,,,"[2.163434528148439, -0.4725927459280732, 2.2383753245204123, 1.50473728065105]"
traveler (traveler.587),587,315.0,0.974804480208216,,,,3.466021119094409,2.630564053619654,SAV (sav.1),1,5.5915341754867995,1.0,2.159478691595168,,,,,3.3,2.7,,,,
traveler (traveler.585),585,315.0,0.9869172265987401,,,,2.5700294369201835,1.5155704747814647,SAV (sav.1),2,10.807904389044639,1.7418240992531109,0.8608744901087839,,,,,2.5,1.5,334.1483817043184,"[2.0, 5.5915341754867995, 10.807904389044639, 15.012838856123741]","[1.16619037896906, 3.205798184406174, 4.620011746779269]",
traveler (traveler.599),599,330.0,2.787125574558303,0,4.14838170431841,1.2178345881673918,1.2406404827013744,0.013620589180661224,SAV (sav.1),,,,1.2577096273260957,0,-2.5700119100652192,-2.0921806264560256,normal,,,,,,"[0.6934051081478078, -0.03730417679474947, -0.369739986027781, 0.346830710508489]"
traveler (traveler.600),600,330.0,1.759417293619263,3,4.14838170431841,1.2178345881673918,1.3020833543013932,3.7886213264744346,,,,,1.3367778785311328,0,-1.1686909441427455,-0.8806529436182495,normal,,,,,,"[1.2601188175241786, -0.26395728483783215, 0.6733747094258544, 2.0430525618267628]"
traveler (traveler.601),601,330.0,0.5677754981714832,4,,,1.9909693114668705,2.7515089947802345,,,,,,4,,,,,,,,,"[3.6886321350871576, 1.3373877936541871, 1.1602127301819696, 0.8108730466437489]"
traveler (traveler.602),602,330.0,0.6706048264719221,4,,,2.8837698024415195,1.9500622107715875,,,,,,4,,,,,,,,,"[-0.1534175388980781, -0.39067311103016467, -0.8689862823259088, -0.04017694479564471]"
traveler (traveler.603),603,330.0,0.8926658541625359,0,4.14838170431841,1.2178345881673918,1.6194504446216897,2.3534230314449434,SAV (sav.1),,,,2.2690225133479305,0,4.69524089290785,5.270077308544258,normal,,,,,,"[6.867024085452044, 1.1854120510049784, -0.7671693223350975, 0.6970423419964554]"
traveler (traveler.604),604,330.0,0.5397523696703327,4,,,2.998480593367492,2.707001735743285,,,,,,4,,,,,,,,,"[0.20089465847473176, 0.7317910020055319, 2.3161604665253988, 1.0596462447334707]"
traveler (traveler.605),605,330.0,0.2149429451011626,4,,,2.545731001107612,2.2899782268752666,,,,,,4,,,,,,,,,"[0.9918456231886085, 0.5707973022724614, 0.34597432367395403, 1.0980363581025263]"
traveler (traveler.606),606,330.0,0.38622236759589107,4,,,2.737655777135923,2.8044461345218497,,,,,,4,,,,,,,,,"[0.324584764065908, 0.6125013415630406, -0.9799555453621769, 0.7421943635792283]"
traveler (traveler.607),607,330.0,0.48875584392688387,4,,,2.575998919379324,2.0171890232960155,,,,,,4,,,,,,,,,"[1.0778513793652893, 0.7695336618171968, 1.1178225237710224, 0.8233220260842734]"
traveler (traveler.608),608,330.0,0.6234236243363802,4,,,2.7337100448988925,1.9220409787069106,,,,,,4,,,,,,,,,"[-2.2146706555682627, 0.07828141687431729, 0.3851584770585153, -0.5880623776099744]"
traveler (traveler.609),609,330.0,0.22779726283263135,4,,,2.7252691125761217,2.4661559477425423,,,,,,4,,,,,,,,,"[-0.04274148368126489, 0.3202247601052405, 0.6613187152079425, -0.23567778273941714]"
traveler (traveler.610),610,330.0,0.31669344089293217,4,,,2.320889330781307,2.7611782986326334,,,,,,4,,,,,,,,,"[-2.0039751257325054, 0.9372985311560829, 1.1509194326614143, 0.9386545945269469]"
traveler (traveler.611),611,337.5,2.030920504323374,1,,,2.7171699296295486,4.519275938683419,,,,,,1,,,,,,,,,"[-1.7623654144068703, 2.2481406530552173, 1.5263582369542814, 1.134092786993799]"
traveler (traveler.612),612,337.5,2.4229879337080513,1,,,1.2972212573056336,4.603376766777025,,,,,,1,,,,,,,,,"[-0.6574837933101939, 1.0493791367483698, 0.1352321506014958, 0.491560585598355]"
traveler (traveler.613),613,337.5,0.5479941233742215,4,,,2.1458424245549512,2.0818254299845984,,,,,,4,,,,,,,,,"[1.3146771445848757, -0.8947032886481245, -0.8559028746096564, 1.4389158331840763]"
traveler (traveler.614),614,337.5,0.4582326377295342,4,,,2.489237872349233,2.9581062397402977,,,,,,4,,,,,,,,,"[-0.3608596291422099, 0.5832595174620916, 0.5981008723122972, 1.9335838565878627]"
traveler (traveler.594),594,322.5,0.8855544206123503,,,,2.8505126940978576,3.3132327361477385,SAV (sav.0),1,4.810913475705226,1,0.6147114934688752,,,,,2.9,3.3,335.7273628892708,"[1, 4.810913475705226, 7.621826951410451]","[1.2649110640673515, 2.529822128134703]",
traveler (traveler.615),615,337.5,0.8345759230559582,0,0.0,1.2178345881673918,3.299662207211242,2.738866753029276,SAV (sav.0),,,,0.46641865065731275,0,4.948332397021588,4.8031329871661566,normal,,,,,,"[6.36363245700281, 0.43928774276077476, 3.459680342287046, 1.8846525329517796]"
traveler (traveler.616),616,337.5,0.40002736084305324,4,,,2.6175714035587,2.8823595879382333,,,,,,4,,,,,,,,,"[0.7756252129312852, -0.7743334826080724, 1.4751235193499932, -0.5462982406593999]"
traveler (traveler.617),617,337.5,0.9398274293060063,3,,,1.925655542433951,3.2439113125494847,,,,,,3,,,,,,,,,"[-0.7712404711297984, -0.8718438707279522, -1.384856389144992, 3.4577343606493676]"
traveler (traveler.618),618,337.5,0.8452823120606193,0,0.0,1.2178345881673918,3.3207063520117224,2.70234443617297,SAV (sav.0),,,,0.250063817500172,0,-0.15108259036447258,-0.31703475581633644,normal,,,,,,"[1.250182212909409, 0.8764095114204259, 0.3607116030374101, 0.5538262852034779]"
traveler (traveler.619),619,337.5,0.46829932528263335,4,,,2.5901169849482795,2.95954671915269,,,,,,4,,,,,,,,,"[5.838934656593795, 0.3376501707823016, -0.2648543283660867, -0.02804096685835624]"
traveler (traveler.620),620,337.5,0.23708548250901726,4,,,2.3792411880835527,2.295973444470918,,,,,,4,,,,,,,,,"[-0.9360108600342523, -1.0980806751966536, 0.08623909240563614, 2.237465163642218]"
traveler (traveler.621),621,337.5,0.6490029911450432,4,,,2.7491085210051285,3.0992911039535382,,,,,,4,,,,,,,,,"[0.8978596798252344, -0.7640611100948644, 0.6288257905588307, -1.1529178323753297]"
traveler (traveler.580),580,315.0,0.9472484490861408,,,,3.44701611114988,2.479021212650461,SAV (sav.4),1,5.514157444218835,1.0,1.7820645021171144,,,,,3.3,2.5,,,,
traveler (traveler.576),576,315.0,2.399907993895945,,,,0.9926493854418528,4.3674722230750405,SAV (sav.4),2,15.447380218548515,1.5194466303299272,1.5215250138951995,,,,,1.0999999999999999,4.3,339.76821794819796,"[2.0, 5.514157444218835, 15.447380218548515, 23.613831550369447]","[1.1313708498984758, 5.151321098346831, 8.37622419766625]",
traveler (traveler.622),622,345.0,2.3616058262023714,0,0.0,1.2178345881673918,3.503355180471285,0.36213647297718754,SAV (sav.4),,,,0.746723901750649,0,1.4287788889432123,1.3104663587726542,normal,,,,,,"[3.8290686654790522, -0.1818755407253857, 1.4502179353829414, 1.773250140251777]"
traveler (traveler.623),623,345.0,2.3403651309791753,3,,,0.1757140479025182,2.2261318580311418,,,,,,3,,,,,,,,,"[-1.3827771550470134, -1.2620343661740976, 0.33036125454961673, 1.5584178560153463]"
traveler (traveler.624),624,345.0,2.7589929534696354,1,,,0.2543439166510708,4.1028321411217865,,,,,,1,,,,,,,,,"[1.7603102889931512, 1.8561810997788275, 1.4046817254067367, 0.7183735160992074]"
traveler (traveler.625),625,345.0,0.4264725411180418,4,,,2.7530635969180635,2.84327488146174,,,,,,4,,,,,,,,,"[2.49238867436446, 0.5677908438755664, -0.520900507675126, 0.5375639244566718]"
traveler (traveler.626),626,345.0,0.7429732914003665,2,,,2.246075899828939,3.198234819445873,,,,,,2,,,,,,,,,"[-0.12511342936320793, 1.1376605396960826, 4.673682453898629, 0.6320112467614549]"
traveler (traveler.627),627,345.0,0.8128504539109428,3,,,2.906830766780039,1.7962851517664336,,,,,,3,,,,,,,,,"[-1.2100565829231757, 1.0974696468935115, 1.7541443411172555, 2.5389187986805557]"
traveler (traveler.628),628,345.0,0.5576340030291612,4,,,3.042024060991168,2.368982449110934,,,,,,4,,,,,,,,,"[3.165532675482284, -1.4745324613644044, 1.5608841859043487, -0.1887634646914204]"
traveler (traveler.629),629,345.0,0.585503465659919,4,,,3.0751493647155725,2.390375565830198,,,,,,4,,,,,,,,,"[2.5344830273486956, 2.3925633258881422, 1.2590264898046122, 2.0932311132996717]"
traveler (traveler.630),630,345.0,0.922189568000547,3,,,3.4097120325934362,2.348812642447345,,,,,,3,,,,,,,,,"[0.2304961395256195, -0.8125878406545327, -0.12192295100601079, 3.09428053786227]"
traveler (traveler.631),631,345.0,0.8985955799949229,3,,,2.1406188592458735,1.6763986327981997,,,,,,3,,,,,,,,,"[-0.5998580999763911, -1.2952200817749708, -0.35131955497034756, 0.46434966863382093]"
traveler (traveler.632),632,345.0,0.5546365503433763,4,,,2.608388226305495,3.0439427317054153,,,,,,4,,,,,,,,,"[0.09415168083721906, 0.6408859137456163, 1.1091622325643782, -0.601058961368494]"
traveler (traveler.633),633,345.0,0.3524263328255638,4,,,2.2488700976253564,2.252738817841989,,,,,,4,,,,,,,,,"[6.353782101142636, 3.046156950689506, -0.3427836066709557, 2.3173913099292993]"
traveler (traveler.634),634,352.5,1.8261455486257647,1,,,4.270364633296325,2.94790247815709,,,,,,1,,,,,,,,,"[-3.4904653515991693, 3.1206844571176733, 0.6453928723117688, 0.29481567456840324]"
traveler (traveler.635),635,352.5,0.2954354051805142,4,,,2.765016676716445,2.3694310921530475,,,,,,4,,,,,,,,,"[3.406769744491728, -0.10770500771988054, 0.47705913669628025, -1.249925685459593]"
traveler (traveler.598),598,330.0,2.365805106702812,,,,4.3168551723182125,0.9847207895171062,SAV (sav.3),1,10.049231233899926,1,1.3980588761904045,,,,,4.3,1.0999999999999999,351.26565531237156,"[1, 10.049231233899926, 18.098462467799852]","[3.2249030993194197, 6.449806198638839]",
traveler (traveler.636),636,352.5,0.7686316385136186,0,0.0,1.2178345881673918,1.8559203628979422,2.080528884433491,SAV (sav.3),,,,0.5782628984962618,0,0.1905480767639509,0.05607676716123211,normal,,,,,,"[1.5752008808472444, -0.334741204093929, 0.7370961190426203, 0.362618563636144]"
traveler (traveler.593),593,322.5,0.9570494571314847,,,,2.1938441537344326,3.406759207945022,SAV (sav.2),1,5.5915341754867995,1.0,1.8066513979034928,,,,,2.3,3.3,,,,
traveler (traveler.588),588,322.5,2.317057037959028,,,,4.141018318862247,0.8642090004178438,SAV (sav.2),2,16.90034617970298,1.5363951072457254,0.6532562523282742,,,,,4.1,0.8999999999999999,,,,
traveler (traveler.592),592,322.5,2.539744657770786,,,,3.4053287597208364,0.12709402556747296,SAV (sav.2),3,21.043042984976523,1.8837186426743087,1.181663705913078,,,,,3.5,0.09999999999999964,352.7140546786877,"[2.0, 5.5915341754867995, 16.90034617970298, 21.043042984976523, 30.214054678687738]","[1.16619037896906, 5.408831066088346, 6.8230446284614406, 10.499999890631488]",
traveler (traveler.637),637,360.0,1.6482588541945145,0,0.0,1.2178345881673918,2.362686240875332,0.8574707972198287,SAV (sav.2),,,,0.9090186441016403,0,-0.2913130749977535,-0.3940582934820043,normal,,,,,,"[1.6769694397697963, 0.20777400019717332, 1.536091142967184, -0.7780921823203295]"
traveler (traveler.638),638,360.0,0.9892818540947198,2,,,3.2974599866840775,3.0854367228650057,,,,,,2,,,,,,,,,"[1.2247445219692683, 0.05897205031826636, 4.27036939348155, -0.3141741236646343]"
traveler (traveler.639),639,360.0,0.9903205086026181,3,,,2.315250363914399,3.4729348805162585,,,,,,3,,,,,,,,,"[0.29910377498181806, -0.7561224438396851, 1.1108974283775745, 1.2805945139718737]"
traveler (traveler.640),640,360.0,0.39568087747617814,4,,,2.571438586137445,2.1108215252470903,,,,,,4,,,,,,,,,"[0.4048410281321316, -0.42775597805112014, -1.4782659317787135, -1.3958320290212123]"
traveler (traveler.641),641,360.0,0.9748515285899746,0,0.0,1.2178345881673918,1.54428552612666,2.3077882750110836,SAV (sav.2),,,,0.5395818450269826,0,2.754102904611064,2.615921308359572,normal,,,,,,"[4.264433760344667, -0.2777934079824329, 1.3560438771376824, -1.1879903615246297]"
traveler (traveler.642),642,360.0,0.7922043279386068,1,,,1.812343549840828,2.8933399341017205,,,,,,1,,,,,,,,,"[-1.246712525479217, 0.9647118886009973, -0.7617585822571594, 0.4134792041335246]"
traveler (traveler.643),643,360.0,0.9883631837559586,2,,,2.258252325359906,1.5416577621693166,,,,,,2,,,,,,,,,"[-0.06736713648554947, 1.2712734391305038, 2.5556663834572055, 1.0956126220910378]"
traveler (traveler.644),644,360.0,0.690411689457859,4,,,1.8754380548537137,2.2057370604117086,,,,,,4,,,,,,,,,"[-0.7800625707588968, -0.17556120228331007, 1.7463679840526816, -0.5300588958226308]"
traveler (traveler.622),622,345.0,2.3616058262023714,,,,3.503355180471285,0.36213647297718754,SAV (sav.4),1,10.875575620741934,1,0.746723901750649,,,,,3.5,0.2999999999999998,363.75115124148385,"[2, 10.875575620741934, 18.751151241483868]","[3.417601498127013, 6.835202996254026]",
traveler (traveler.645),645,367.5,2.9855501911422984,0,0.0,1.2178345881673918,4.749287629601732,0.5367844990550746,SAV (sav.4),,,,0.7380116879552843,0,-2.597209172405086,-2.7163573781228956,normal,,,,,,"[0.1937257141700028, 0.002692488047496486, 1.3157266670421488, -0.23155722686332225]"
traveler (traveler.646),646,367.5,2.1962612428792987,0,0.0,1.2178345881673918,2.6504099978467344,4.6911048079727875,SAV (sav.4),,,,2.369208959952303,0,-0.4133108233580436,-0.3759945867458985,normal,,,,,,"[2.0388657342819827, -1.6054358669176796, -0.023192534047158934, -1.4881926698124537]"
traveler (traveler.636),636,352.5,0.7686316385136186,,,,1.8559203628979422,2.080528884433491,SAV (sav.3),1,5.666666666666667,1,0.5782628984962618,,,,,1.9,2.1,360.8333333333333,"[2, 5.666666666666667, 8.333333333333334]","[1.019803902718557, 2.039607805437114]",
traveler (traveler.647),647,367.5,2.5176832480827867,0,0.0,1.2178345881673918,4.656822275763827,3.7987865908014435,SAV (sav.3),,,,1.2937261381388663,0,-0.23134456297787764,-0.29718863863407785,normal,,,,,,"[2.3193411679639864, 1.1463142482717072, -0.4823270730565912, 2.7732926481182787]"
traveler (traveler.648),648,367.5,1.0689122738573122,3,,,2.7555054882112975,1.4620739936311855,,,,,,3,,,,,,,,,"[-0.6625898327373063, 0.6338529226556326, -0.21520797522840296, 2.806423251111381]"
traveler (traveler.649),649,367.5,1.303911995732845,3,,,3.7922187660652913,2.6742330429186927,,,,,,3,,,,,,,,,"[0.26195940397212025, 0.48046183675370446, -0.25505078711802903, 1.9056861768224416]"
traveler (traveler.650),650,367.5,0.8564441655987387,0,0.0,1.2178345881673918,2.7796064914743313,1.690483589595903,SAV (sav.3),,,,0.9620794143228516,0,0.19547963459712414,0.0978240051924919,normal,,,,,,"[1.6720442444616377, 0.1488471845964643, 1.3239197974620607, 0.3677328616338251]"
traveler (traveler.651),651,367.5,0.33845049770445734,4,,,2.7069780743522127,2.7677850185014927,,,,,,4,,,,,,,,,"[3.039585415069574, 0.44884663505888145, 0.7090843768620421, 0.08039369360927501]"
traveler (traveler.603),603,330.0,0.8926658541625359,,,,1.6194504446216897,2.3534230314449434,SAV (sav.1),1,6.142696805273545,1.0,2.2690225133479305,,,,,1.5,2.5,,,,
traveler (traveler.599),599,330.0,2.787125574558303,,,,1.2406404827013744,0.013620589180661224,SAV (sav.1),2,15.337847433978334,1.2782270138582232,1.2577096273260957,,,,,1.2999999999999998,0.09999999999999964,359.4855432411041,"[2.0, 6.142696805273545, 15.337847433978334, 25.337161536785707]","[1.4142135623730951, 4.820090835558376, 8.61482402776043]",
traveler (traveler.652),652,367.5,0.9320647220717286,0,0.0,1.2178345881673918,2.9734666649589716,3.30285363753506,SAV (sav.1),,,,0.8822647853462383,0,0.5332941690707864,0.4279827204547173,normal,,,,,,"[2.0496494894435195, -0.3599906314646478, 0.8314585979289711, 1.4481829874028689]"
traveler (traveler.653),653,367.5,0.9664642207006139,3,,,2.125765692536757,1.6089322287210965,,,,,,3,,,,,,,,,"[-1.1860990950888086, 0.21707920050278592, 0.9202391945608527, 2.570249205254161]"
traveler (traveler.654),654,367.5,0.6650221867379268,4,,,2.164790750297473,3.0743598765300053,,,,,,4,,,,,,,,,"[0.10064154197881733, 1.5581613648523434, -0.2410081942905101, -0.06447226988928738]"
traveler (traveler.655),655,367.5,0.7780305911040882,0,0.0,1.2178345881673918,2.988173501747863,1.8941797024818283,SAV (sav.1),,,,1.0603846884079309,0,3.0722398918580396,2.984013704343648,normal,,,,,,"[4.509034993403881, 0.6394510534261741, -0.7071172725044328, -1.0898154222113015]"
traveler (traveler.656),656,367.5,0.7641565835763888,1,,,2.200029365326082,3.2028178302778505,,,,,,1,,,,,,,,,"[-0.2980903421642778, 1.400789293892815, -1.3400316139764301, -0.2950989179549481]"
traveler (traveler.657),657,367.5,0.993411231371355,0,0.0,1.2178345881673918,3.48623025633423,2.3807701542998947,SAV (sav.3),,,,0.9832258173685116,0,2.144539117167131,2.0489118507426385,normal,,,,,,"[3.709069198384105, 1.0720529769792093, 0.5625379371492076, 0.3937566574244446]"
traveler (traveler.615),615,337.5,0.8345759230559582,,,,3.299662207211242,2.738866753029276,SAV (sav.0),1,5.5915341754867995,1.0,0.46641865065731275,,,,,3.3,2.7,,,,
traveler (traveler.618),618,337.5,0.8452823120606193,,,,3.3207063520117224,2.70234443617297,SAV (sav.0),2,5.5915341754867995,1.0,0.250063817500172,,,,,3.3,2.7,346.6830683509736,"[2.0, 5.5915341754867995, 5.5915341754867995, 9.183068350973599]","[1.16619037896906, 1.16619037896906, 2.33238075793812]",
traveler (traveler.658),658,375.0,2.221427731969347,0,0.0,1.2178345881673918,4.472463608344633,3.5218260527695255,SAV (sav.0),,,,0.4216475306046611,0,-0.2708446677541363,-0.42033852344501765,normal,,,,,,"[2.010311982530483, 1.076598448997067, 1.4945572275786394, 1.2737641895721874]"
traveler (traveler.659),659,375.0,0.5959004709000675,4,,,2.4410935854527547,1.9070182080838314,,,,,,4,,,,,,,,,"[3.1247194750762466, 0.48631114355429444, -0.8550581259665804, 2.4578644623016195]"
traveler (traveler.660),660,375.0,0.5034257814528185,4,,,2.788486276512584,2.9125690071918706,,,,,,4,,,,,,,,,"[-1.2544910114106704, 0.46641877830494666, 3.8724466844751793, 1.5754951366239454]"
traveler (traveler.661),661,375.0,0.20901930602816426,4,,,2.3622276345219237,2.657187294661721,,,,,,4,,,,,,,,,"[0.3512795938535872, -1.8010561280348047, 2.4309153517327053, 0.17611059107901345]"
traveler (traveler.662),662,375.0,0.7569304958534385,1,,,2.4851574378784,1.7432150411757654,,,,,,1,,,,,,,,,"[-0.3133880913747131, 2.387250610983478, 0.49616773715318624, -0.2818737465627191]"
traveler (traveler.663),663,375.0,0.19526968409909193,4,,,2.6701850506127176,2.404253991852893,,,,,,4,,,,,,,,,"[3.30732186217143, 0.7801870454810856, 2.689372596168449, 0.3954242045933928]"
traveler (traveler.664),664,375.0,0.8439292837331442,0,0.0,1.2178345881673918,3.343714953013178,2.519018780305495,SAV (sav.0),,,,0.5720755207666555,0,4.026498829230219,3.8914340263556766,normal,,,,,,"[5.457802065878236, 1.4733433661324178, 0.3626946443931428, 1.5751996073410772]"
traveler (traveler.665),665,375.0,0.9284820341545281,2,,,3.4001707755390704,2.7275334318580873,,,,,,2,,,,,,,,,"[-0.36815826937238694, -1.006076895758129, 4.119590821970083, 1.8966607225366618]"
traveler (traveler.666),666,375.0,0.8803990567543386,3,,,2.347342812183485,1.6329369791405688,,,,,,3,,,,,,,,,"[-0.9402258332202089, 2.296355805486774, -1.3027337868953874, 3.9566780477931984]"
traveler (traveler.641),641,360.0,0.9748515285899746,,,,1.54428552612666,2.3077882750110836,SAV (sav.2),1,6.204934467079102,1.0,0.5395818450269826,,,,,1.5,2.3,,,,
traveler (traveler.637),637,360.0,1.6482588541945145,,,,2.362686240875332,0.8574707972198287,SAV (sav.2),2,13.13456294002414,1.5172443201055767,0.9090186441016403,,,,,2.3,0.8999999999999999,379.7914171895165,"[2.0, 6.204934467079102, 13.13456294002414, 19.79141718951652]","[1.4422205101855958, 3.722571360383872, 6.002922210582148]",
traveler (traveler.667),667,382.5,1.299136019316507,0,0.0,1.2178345881673918,2.086070820111269,1.2685711426468105,SAV (sav.2),,,,0.41252696672286127,0,-1.2050851749019191,-1.3554538750803424,normal,,,,,,"[0.4965240688887433, -0.543117080605718, 0.21380663609051012, -0.4751501352687507]"
traveler (traveler.668),668,382.5,2.6879362022471693,0,0.0,1.2178345881673918,0.08547045078765192,3.681121536223666,SAV (sav.2),,,,0.285868158529503,0,0.8539232192703232,0.6914054062099928,normal,,,,,,"[3.4147568526687078, 1.8412826302494762, -0.19828933321718858, -0.8929775205789335]"
traveler (traveler.669),669,382.5,2.111433225727592,2,,,2.7798533885867216,0.4071951004446317,,,,,,2,,,,,,,,,"[-1.7845312418793506, 1.5753733079561765, 5.059641009521507, -1.3414703089010285]"
traveler (traveler.670),670,382.5,2.065281382188871,1,,,4.171114056282658,1.286424704227012,,,,,,1,,,,,,,,,"[-0.9233661441276089, 1.1207148958164816, -0.2715157816035081, 0.9824064628567739]"
traveler (traveler.671),671,382.5,2.4923987772150142,1,,,0.14416639693859923,1.6863049100863177,,,,,,1,,,,,,,,,"[-1.5223205435018068, 0.2757879882236223, 0.7125831915076395, 0.12327848300805318]"
traveler (traveler.672),672,382.5,2.167810685162867,0,0.0,1.2178345881673918,1.537715778265818,0.5574727174868976,SAV (sav.2),,,,1.769196679702488,0,-0.38742355096825376,-0.407660492277671,normal,,,,,,"[1.9893491239261105, 0.22401196634165513, 0.3445680135630101, 0.7656972935694709]"
traveler (traveler.655),655,367.5,0.7780305911040882,,,,2.988173501747863,1.8941797024818283,SAV (sav.1),1,5.266230894930127,1.0,1.0603846884079309,,,,,2.9,1.9,,,,
traveler (traveler.652),652,367.5,0.9320647220717286,,,,2.9734666649589716,3.30285363753506,SAV (sav.1),2,10.710675339374571,1.743643822722845,0.8822647853462383,,,,,2.9,3.3,382.3533721446481,"[2.0, 5.266230894930127, 10.710675339374571, 14.853372144648116]","[1.019803902718557, 2.99970289004089, 4.264613954108242]",
traveler (traveler.673),673,382.5,0.8805379471550147,0,0.0,1.2178345881673918,2.7878748774439517,1.6678490934231958,SAV (sav.1),,,,1.1228611591145115,0,9.71051727618752,9.628283831743305,normal,,,,,,"[11.217621208150645, 1.36028012448785, -1.232811869864812, 1.749684919762478]"
traveler (traveler.674),674,382.5,0.8730784532153502,2,,,3.368412742324355,2.409859584882241,,,,,,2,,,,,,,,,"[-1.2112774591829165, 2.1702412334756676, 2.514254015202863, -0.8494085977128163]"
traveler (traveler.675),675,382.5,0.5602635912436381,4,,,2.0109312485457513,2.773325900756223,,,,,,4,,,,,,,,,"[0.09910567341473112, 2.280215150827179, -1.250717416739187, 1.2468627530925656]"
traveler (traveler.676),676,382.5,0.8000608040432756,0,0.0,1.2178345881673918,3.191139541301986,2.903017896147619,SAV (sav.1),,,,1.094273919441,0,4.747084016898904,4.662108484425204,normal,,,,,,"[6.200952167840904, 1.1304270760560722, -0.215442554482477, -1.2730050216416875]"
traveler (traveler.677),677,382.5,0.7043399355504393,1,,,2.0560360124044967,3.0468004412301593,,,,,,1,,,,,,,,,"[0.7874404937902163, 3.2303601518800837, 1.4207679000306406, -0.1038943509961501]"
traveler (traveler.650),650,367.5,0.8564441655987387,,,,2.7796064914743313,1.690483589595903,SAV (sav.3),1,5.591534175486801,1.0,0.9620794143228516,,,,,2.7,1.7,,,,
traveler (traveler.657),657,367.5,0.993411231371355,,,,3.48623025633423,2.3807701542998947,SAV (sav.3),2,9.734230980760346,1.568788684619681,0.9832258173685116,,,,,3.5,2.3,,,,
traveler (traveler.647),647,367.5,2.5176832480827867,,,,4.656822275763827,3.7987865908014435,SAV (sav.3),3,16.5290775631627,1.519834732392315,1.2937261381388663,,,,,4.7,3.7,392.90465318390466,"[2.0, 5.591534175486801, 9.734230980760346, 16.5290775631627, 25.404653183904635]","[1.1661903789690604, 2.5804039413421553, 5.188084903423215, 8.732093932757087]",
traveler (traveler.678),678,382.5,0.7758508576770778,0,10.404653183904657,1.2178345881673918,2.759043187135604,1.7686716328783043,SAV (sav.3),,,,1.0867715122046433,0,-0.5122852477893112,0.7742892972600637,normal,,,,,,"[2.2979429583676705, -1.1363025430137719, 0.6704273025175893, 0.8083633025288219]"
traveler (traveler.679),679,382.5,0.6037880388238573,4,,,2.9608439800261825,2.890106167472891,,,,,,4,,,,,,,,,"[1.496756170413144, -0.7885684700683885, -0.417438882227361, -0.4373307754729556]"
traveler (traveler.680),680,382.5,0.706407423934766,3,10.404653183904657,1.2178345881673918,2.499547893081018,3.2064072792585634,,,,,1.2768988766155893,0,0.6298841734162282,0.8087740418923568,normal,,,,,,"[2.288856879184796, 0.6971209346723863, -0.2646397934965576, 2.531744213383268]"
traveler (traveler.681),681,382.5,0.38919734368298126,4,,,2.1323886605748763,2.6278142224322285,,,,,,4,,,,,,,,,"[3.1078787653669546, -0.41717484206810523, 0.7434525737302262, 0.23907358905196216]"
traveler (traveler.664),664,375.0,0.8439292837331442,,,,3.343714953013178,3.343714953013178,SAV (sav.0),1,5.514157444218835,1.0,0.5720755207666555,,,,,3.3,2.5,,,,
traveler (traveler.658),658,375.0,2.221427731969347,,,,4.472463608344633,4.472463608344633,SAV (sav.0),2,11.423206785190953,1.1392124865702766,0.4216475306046611,,,,,4.5,3.5,394.450490474454,"[2.0, 5.514157444218835, 11.423206785190953, 19.450490474454018]","[1.1313708498984758, 3.340443053335928, 6.502720713504308]",
traveler (traveler.676),676,382.5,0.8000608040432756,,,,3.191139541301986,3.191139541301986,SAV (sav.1),1,5.266230894930127,1.0,1.094273919441,,,,,3.1,2.9,,,,
traveler (traveler.673),673,382.5,0.8805379471550147,,,,2.7878748774439517,2.7878748774439517,SAV (sav.1),2,10.710675339374571,1.6775302892509072,1.1228611591145115,,,,,2.7,1.7,397.5954633864252,"[2.0, 5.266230894930127, 10.710675339374571, 15.095463386425198]","[1.019803902718557, 2.8086582847183887, 3.974848663687449]",
traveler (traveler.667),667,382.5,1.299136019316507,,,,2.086070820111269,2.086070820111269,SAV (sav.2),1,7.575835618216446,1.0,0.41252696672286127,,,,,2.1,1.2999999999999998,,,,
traveler (traveler.672),672,382.5,2.167810685162867,,,,1.537715778265818,1.537715778265818,SAV (sav.2),2,10.842066513146571,1.1447394681082461,1.769196679702488,,,,,1.5,0.7,,,,
traveler (traveler.668),668,382.5,2.6879362022471693,,,,0.08547045078765192,0.08547045078765192,SAV (sav.2),3,22.24624421156402,1.945836551908529,0.285868158529503,,,,,0.09999999999999964,3.7,414.1789846386797,"[2.0, 7.575835618216446, 10.842066513146571, 22.24624421156402, 31.6789846386797]","[1.788854381999832, 2.988854381999832, 7.6707343462876825, 11.465467538489738]",
traveler (traveler.678),678,382.5,0.7758508576770778,,,,2.759043187135604,2.759043187135604,SAV (sav.3),1,4.810913475705226,1,1.0867715122046433,,,,,2.7,1.7,400.5264801353151,"[1, 4.810913475705226, 7.621826951410452]","[1.1661903789690604, 2.332380757938121]",
traveler (traveler.646),646,367.5,2.1962612428792987,,,,2.6504099978467344,2.6504099978467344,SAV (sav.4),1,9.316742401578619,1.0,2.369208959952303,,,,,2.7,4.5,,,,
traveler (traveler.645),645,367.5,2.9855501911422984,,,,4.749287629601732,4.749287629601732,SAV (sav.4),2,24.66342008297326,1.924109081615554,0.7380116879552843,,,,,4.7,0.5,402.9815187649175,"[2.0, 9.316742401578619, 24.66342008297326, 35.481518764917496]","[2.842534080710379, 9.167089401047138, 13.371848609372865]",
